name	value
1	0.1259917246243809
2	0.0711578974542153
3	0.00922624309692388
4	0.04784511909202749
5	0.08207485076807863
6	0.027727329541539447
7	0.0015365973587702086
8	0.018468608791655683
9	0.13229907639320437
10	0.0680432137061544
11	0.061819714577254103
12	0.08519846393835451
13	0.0711578974542153
14	0.1196929041301189
15	0.09614699710961716
16	0.0046111206686685335
17	0.14177627040347396
18	0.07895323800700638
19	0.1703267359057925
20	0.06648660708237308
21	0.0711578974542153
22	0.05405125041950676
23	0.16078983124489454
24	0.12914432925298414
25	0.08207485076807863
26	0.10241450868872448
27	0.13703523561743403
28	0.05715718934775005
29	0.07739317889705966
30	0.061819714577254103
31	0.05715718934775005
32	0.05871088105361899
33	0.05871088105361899
34	0.12126681367822734
35	0.1055513514196722
36	0.05405125041950676
37	0.1592023157295106
38	0.06337485865184433
39	0.13229907639320437
40	0.12441622271895447
41	0.14493968528044476
42	0.06337485865184433
43	0.06648660708237308
44	0.17191820041769468
45	0.1196929041301189
46	0.14177627040347396
47	0.0649304891092175
48	0.20066314238362892
49	0.11497434094150982
50	-0.042849336542348126
51	0.05405125041950676
52	0.10869026470831322
53	0.12756775973184986
54	0.11183125804227956
55	0.0696003101172522
56	0.12914432925298414
57	0.12914432925298414
58	0.10398267182620913
59	0.0649304891092175
60	0.09614699710961716
61	0.1165466689619592
62	0.07271597685746123
63	0.1655557449483318
64	0.18786436361404668
65	0.08519846393835451
66	0.1134025376999741
67	0.0649304891092175
68	0.09614699710961716
69	0.12914432925298414
70	0.14019538170161994
71	0.06648660708237308
72	0.12756775973184986
73	0.15602896073119155
74	0.12756775973184986
75	0.13703523561743403
76	0.18946216002806082
77	0.05715718934775005
78	0.0015365973587702086
79	0.03855015452993449
80	0.06337485865184433
81	0.09771310621270146
82	0.09145172854496586
83	0.0015365973587702086
84	0.13387725644604132
85	0.09145172854496586
86	0.09927972705992794
87	0
88	0.0742745494692656
89	0.12914432925298414
90	0.1576153593099079
91	0.16714550944068662
92	0.1181195229584393
93	0.05715718934775005
94	0.11497434094150982
95	0.1259917246243809
96	0.0696003101172522
97	0.09458139857766668
98	0.09458139857766668
99	0.07583361643378517
100	0.15602896073119155
101	0.1481052916853205
102	0.08363640672454054
103	0.1655557449483318
104	0.09927972705992794
105	0.015386014522031033
106	0.09927972705992794
107	0.07583361643378517
108	0.14019538170161994
109	0.07583361643378517
110	0.018468608791655683
111	0.16078983124489454
112	0.10869026470831322
113	0.21028707630367016
114	0.1958591924317279
115	0.07739317889705966
116	0.10084686082628203
117	0.04319551362019247
118	0.0696003101172522
119	0.0076874225356693415
120	0.04164659024757
121	0.18467051571111348
122	0.03236289629747802
123	0.09771310621270146
124	0.18307446163192154
125	0.14177627040347396
126	0.0696003101172522
127	0.023095910171818446
128	0.06648660708237308
129	0.07583361643378517
130	0.07583361643378517
131	0.06337485865184433
132	0.15602896073119155
133	0.0711578974542153
134	0.15285783208798698
135	0.12914432925298414
136	0.07895323800700638
137	0.08676102356696802
138	0.11026050077539473
139	0.06337485865184433
140	0.01230522882690721
141	0.08207485076807863
142	0.20547242512395592
143	0.16078983124489454
144	0.0649304891092175
145	0.11026050077539473
146	0.09301630944580985
147	0.1134025376999741
148	-0.050466334802445445
149	0.14493968528044476
150	0.12756775973184986
151	0.08207485076807863
152	0.1165466689619592
153	0.08832408676975056
154	0.09301630944580985
155	-0.004607147633896247
156	-0.0015361559115358858
157	0.14177627040347396
158	0.01230522882690721
159	0.04784511909202749
160	0.06648660708237308
161	0.1639665445937979
162	0.1196929041301189
163	0.03700263997461306
164	0.14177627040347396
165	0.061819714577254103
166	0.029272056183835105
167	0.10084686082628203
168	0.0015365973587702086
169	0.04784511909202749
170	-0.0015361559115358858
171	0.19906123495578854
172	0.018468608791655683
173	0.08363640672454054
174	0.05715718934775005
175	0.08519846393835451
176	0.16714550944068662
177	0.052499000951213404
178	0.09927972705992794
179	0.10398267182620913
180	0.13072143440149553
181	0.061819714577254103
182	0.020010586839607214
183	0
184	0.09614699710961716
185	0.09927972705992794
186	0.04164659024757
187	0.0680432137061544
188	0.06337485865184433
189	0.1259917246243809
190	0.10398267182620913
191	0.09458139857766668
192	0.05871088105361899
193	0.09458139857766668
194	0.09927972705992794
195	0.10398267182620913
196	0.07895323800700638
197	0.04164659024757
198	0.061819714577254103
199	0.13703523561743403
200	0.14652221392354292
201	0.07739317889705966
202	0.1134025376999741
203	0.1181195229584393
204	0.12284125280605096
205	0.1196929041301189
206	0.05715718934775005
207	0.00922624309692388
208	0.0015365973587702086
209	0.06026505575428942
210	0.08832408676975056
211	0.08363640672454054
212	0.08676102356696802
213	0.020010586839607214
214	0.09145172854496586
215	0.020010586839607214
216	0.055603979510999935
217	0.0898876547080043
218	0.13072143440149553
219	0.029272056183835105
220	0.05405125041950676
221	0.0898876547080043
222	0.14493968528044476
223	0.035455592817667636
224	0.04939593640503048
225	0.061819714577254103
226	0.029272056183835105
227	0.09301630944580985
228	0.15285783208798698
229	0.09145172854496586
230	0.021553020271765533
231	0.09614699710961716
232	0.14177627040347396
233	0.10398267182620913
234	0.0680432137061544
235	0.13861503718247015
236	0.1165466689619592
237	0.0898876547080043
238	0.06648660708237308
239	0.09771310621270146
240	0.0462947769319868
241	0.1623779071131981
242	0.052499000951213404
243	0.18467051571111348
244	0.1481052916853205
245	0.107120548652059
246	0.0696003101172522
247	0.09927972705992794
248	0.1165466689619592
249	0.061819714577254103
250	0.14652221392354292
251	0.05405125041950676
252	0.013845396141363153
253	0.07739317889705966
254	0.18307446163192154
255	0.06337485865184433
256	0.13861503718247015
257	0.17988408676011325
258	0.14493968528044476
259	0.10869026470831322
260	-0.02146649148178348
261	0.14493968528044476
262	0.0462947769319868
263	0.0680432137061544
264	0.13229907639320437
265	0.055603979510999935
266	0.09927972705992794
267	0.05094722998587464
268	0.1544431187406996
269	0.09145172854496586
270	0.1576153593099079
271	0.107120548652059
272	0.09927972705992794
273	0.08832408676975056
274	0.14019538170161994
275	0.10869026470831322
276	0.027727329541539447
277	0.04474490881181481
278	0.09927972705992794
279	0.09145172854496586
280	0.020010586839607214
281	0.07583361643378517
282	0.1623779071131981
283	0.11026050077539473
284	0.04784511909202749
285	0.09927972705992794
286	0.07895323800700638
287	0.08363640672454054
288	0.013845396141363153
289	0.06026505575428942
290	0.015386014522031033
291	0.0462947769319868
292	0.11183125804227956
293	0.08207485076807863
294	-0.0076763862742641464
295	0.024639257625141298
296	0.10869026470831322
297	0.0462947769319868
298	0.09301630944580985
299	0.14968891980521093
300	0.21028707630367016
301	0.14335770451877927
302	0.04164659024757
303	0.08363640672454054
304	0.0030736372270325774
305	0.1055513514196722
306	0.08676102356696802
307	0.052499000951213404
308	0.055603979510999935
309	0.20547242512395592
310	0.1181195229584393
311	0.1576153593099079
312	0.0649304891092175
313	0.17510283836524287
314	0.06337485865184433
315	0.1481052916853205
316	0.09145172854496586
317	0.0076874225356693415
318	0.027727329541539447
319	0.21349984391867416
320	0.12126681367822734
321	0.061819714577254103
322	0.06026505575428942
323	0.0742745494692656
324	0.0680432137061544
325	0.06648660708237308
326	0.1259917246243809
327	0.11497434094150982
328	0.055603979510999935
329	0.18786436361404668
330	0.0107655115033225
331	0.1181195229584393
332	0.1703267359057925
333	0.10869026470831322
334	0.0462947769319868
335	0.10241450868872448
336	0.1481052916853205
337	0.09301630944580985
338	0.03855015452993449
339	0.15602896073119155
340	0.06337485865184433
341	0.08676102356696802
342	0.0462947769319868
343	0.15285783208798698
344	0.12756775973184986
345	0.0711578974542153
346	0.023095910171818446
347	0.07583361643378517
348	0.0649304891092175
349	0.10084686082628203
350	0.026183063718795196
351	0.12441622271895447
352	0.0462947769319868
353	0.0462947769319868
354	0.1165466689619592
355	0.052499000951213404
356	0.14019538170161994
357	0.1259917246243809
358	0.020010586839607214
359	0.1196929041301189
360	0.11497434094150982
361	0.030817244737853855
362	0.10241450868872448
363	0.107120548652059
364	0.029272056183835105
365	0.22637514744093679
366	0.030817244737853855
367	0.15285783208798698
368	0.020010586839607214
369	0.15127309952482904
370	0.16714550944068662
371	0.08676102356696802
372	0.0107655115033225
373	0.030817244737853855
374	0.0711578974542153
375	0.04164659024757
376	0.1134025376999741
377	0.08832408676975056
378	0.08832408676975056
379	0.11497434094150982
380	0.1165466689619592
381	0.06648660708237308
382	0.11497434094150982
383	0.1165466689619592
384	0.07895323800700638
385	0.07739317889705966
386	0.1259917246243809
387	0.09458139857766668
388	0.13861503718247015
389	0.07271597685746123
390	0.09145172854496586
391	0.015386014522031033
392	0.11497434094150982
393	0.08207485076807863
394	0.05405125041950676
395	0.09771310621270146
396	0.0898876547080043
397	0.1576153593099079
398	0.1181195229584393
399	0.1055513514196722
400	0.14493968528044476
401	0.1181195229584393
402	0.035455592817667636
403	0.09614699710961716
404	0.0649304891092175
405	0.1055513514196722
406	0.026183063718795196
407	0.07583361643378517
408	0.05094722998587464
409	0.11183125804227956
410	0.14968891980521093
411	0.12126681367822734
412	0.14177627040347396
413	0.0898876547080043
414	0.11183125804227956
415	-0.015341868469333164
416	0.03700263997461306
417	0.01692708504590712
418	0.04164659024757
419	0.052499000951213404
420	0.09927972705992794
421	0.07739317889705966
422	0.035455592817667636
423	0.1196929041301189
424	0.12441622271895447
425	0.08363640672454054
426	0.17191820041769468
427	0.0742745494692656
428	0.1196929041301189
429	0.14335770451877927
430	0.1134025376999741
431	0.13072143440149553
432	0.15602896073119155
433	0.0742745494692656
434	0.03236289629747802
435	0.052499000951213404
436	0.12126681367822734
437	0.1782897633913496
438	0.08519846393835451
439	0.11026050077539473
440	0.18147898574467014
441	0.1165466689619592
442	0.09927972705992794
443	0.09301630944580985
444	0.05871088105361899
445	0.11497434094150982
446	0.13229907639320437
447	0.06648660708237308
448	0.026183063718795196
449	-0.03216819200964949
450	0.09927972705992794
451	0.1165466689619592
452	0.08051379491344157
453	0.08519846393835451
454	0.1623779071131981
455	0.15602896073119155
456	0.09614699710961716
457	0.055603979510999935
458	0.1481052916853205
459	0.09614699710961716
460	0.12914432925298414
461	0.13703523561743403
462	0.1639665445937979
463	0.055603979510999935
464	0.1134025376999741
465	0.12914432925298414
466	0.0742745494692656
467	-0.030640644411869644
468	0.04939593640503048
469	0.06648660708237308
470	0.13703523561743403
471	0.03700263997461306
472	0.1181195229584393
473	0.09614699710961716
474	0.10398267182620913
475	0.13861503718247015
476	0.12914432925298414
477	0.01692708504590712
478	0.11026050077539473
479	0.09301630944580985
480	0.08676102356696802
481	0.08519846393835451
482	0.033909011958307644
483	0.06337485865184433
484	0.09458139857766668
485	0.09927972705992794
486	0.08519846393835451
487	0.0649304891092175
488	0.08676102356696802
489	0.08051379491344157
490	0.13545597578005975
491	0.15285783208798698
492	0.07739317889705966
493	0.12126681367822734
494	0.0649304891092175
495	0.13703523561743403
496	0.05094722998587464
497	0.07583361643378517
498	0.020010586839607214
499	0.0015365973587702086
500	0.1544431187406996
501	0.06026505575428942
502	0.1639665445937979
503	0.1639665445937979
504	0.0711578974542153
505	0.1055513514196722
506	0.1481052916853205
507	0.1259917246243809
508	0.04474490881181481
509	0.14177627040347396
510	0.07739317889705966
511	0.09145172854496586
512	0.08832408676975056
513	0.1639665445937979
514	0.09145172854496586
515	0.055603979510999935
516	0.1655557449483318
517	0.14652221392354292
518	0.1481052916853205
519	0.15127309952482904
520	0.09145172854496586
521	0.09145172854496586
522	0.08519846393835451
523	-0.0015361559115358858
524	0.12756775973184986
525	0.07271597685746123
526	0.13229907639320437
527	0.08519846393835451
528	0.12756775973184986
529	0.05094722998587464
530	0.0046111206686685335
531	0.07895323800700638
532	0.12441622271895447
533	0.11497434094150982
534	0.2167150241078808
535	0.061819714577254103
536	0.14652221392354292
537	0.1196929041301189
538	0.14177627040347396
539	0.14335770451877927
540	0.15602896073119155
541	0.14019538170161994
542	0.09614699710961716
543	0.14177627040347396
544	0.0898876547080043
545	0.1942590547117451
546	-0.026055474291533542
547	0.11183125804227956
548	0.021553020271765533
549	0.07895323800700638
550	0.020010586839607214
551	-0.027584286584572126
552	0.0742745494692656
553	0.10241450868872448
554	0.01692708504590712
555	0.09301630944580985
556	0.1055513514196722
557	0.14019538170161994
558	0.10241450868872448
559	0.03700263997461306
560	0.14019538170161994
561	0.12284125280605096
562	0.14652221392354292
563	0.08676102356696802
564	0.16714550944068662
565	0.14335770451877927
566	0.12126681367822734
567	0.0898876547080043
568	-0.010743880273057727
569	0.09458139857766668
570	0.15602896073119155
571	0.04164659024757
572	0.01692708504590712
573	0.04319551362019247
574	0.09771310621270146
575	0.1134025376999741
576	0.14493968528044476
577	0.052499000951213404
578	0.09614699710961716
579	0.14177627040347396
580	0.14493968528044476
581	0.0680432137061544
582	0.10084686082628203
583	0.14177627040347396
584	0.09771310621270146
585	0.04164659024757
586	0.12756775973184986
587	0.00922624309692388
588	0.09458139857766668
589	0.0898876547080043
590	0.10869026470831322
591	0.1055513514196722
592	0.11183125804227956
593	0.08207485076807863
594	0.021553020271765533
595	0.13545597578005975
596	0.06648660708237308
597	0.08207485076807863
598	0.07271597685746123
599	0.09771310621270146
600	0.12914432925298414
601	0.11026050077539473
602	0.030817244737853855
603	0.11026050077539473
604	0.05405125041950676
605	0.06648660708237308
606	0.14493968528044476
607	0.08051379491344157
608	0.0696003101172522
609	0.13072143440149553
610	0.03700263997461306
611	0.04319551362019247
612	0.09301630944580985
613	0.09301630944580985
614	0.18946216002806082
615	0.14968891980521093
616	0.1639665445937979
617	0.13387725644604132
618	0.0742745494692656
619	0.10084686082628203
620	0.06026505575428942
621	0.10398267182620913
622	0.09301630944580985
623	0.08519846393835451
624	0.12126681367822734
625	0.10398267182620913
626	0.020010586839607214
627	0.05405125041950676
628	0.13703523561743403
629	0.11497434094150982
630	0.07271597685746123
631	0.04319551362019247
632	0.05094722998587464
633	0.0696003101172522
634	0.10398267182620913
635	-0.0030718714364859068
636	0.09927972705992794
637	0.061819714577254103
638	0.09145172854496586
639	0.05405125041950676
640	0.055603979510999935
641	0.04784511909202749
642	0.10084686082628203
643	0.055603979510999935
644	0.06337485865184433
645	0.12756775973184986
646	0.14493968528044476
647	0.08051379491344157
648	0.06337485865184433
649	0.08676102356696802
650	0.08676102356696802
651	0.17351023414574485
652	0.09771310621270146
653	0.1655557449483318
654	0.07583361643378517
655	0.12914432925298414
656	0.1544431187406996
657	0.07739317889705966
658	0.11026050077539473
659	0.08363640672454054
660	0.1181195229584393
661	0.1576153593099079
662	0.04939593640503048
663	0.1181195229584393
664	0.10869026470831322
665	0.09301630944580985
666	0.0649304891092175
667	0.0742745494692656
668	0.11183125804227956
669	0.07583361643378517
670	0.11497434094150982
671	0.14019538170161994
672	0.0462947769319868
673	0.12756775973184986
674	0.06026505575428942
675	0.052499000951213404
676	0.04164659024757
677	0.0680432137061544
678	0.08832408676975056
679	0.12441622271895447
680	0.08207485076807863
681	0.040098137586159766
682	0.07895323800700638
683	0.07583361643378517
684	0.08519846393835451
685	0.1544431187406996
686	0.04474490881181481
687	0.052499000951213404
688	0.00922624309692388
689	0.026183063718795196
690	0.10398267182620913
691	0.14652221392354292
692	0.1055513514196722
693	0.11497434094150982
694	0.12441622271895447
695	0.14177627040347396
696	0.13703523561743403
697	0.07739317889705966
698	0.040098137586159766
699	0.11497434094150982
700	0.09301630944580985
701	0.03700263997461306
702	0.04164659024757
703	0.03236289629747802
704	0.09771310621270146
705	0.1165466689619592
706	-0.019935978444669544
707	0.08676102356696802
708	0.052499000951213404
709	0.17191820041769468
710	-0.013809638045332306
711	0.05715718934775005
712	0.12284125280605096
713	0.0680432137061544
714	-0.010743880273057727
715	0.024639257625141298
716	0.16873583933702996
717	0.061819714577254103
718	0.08051379491344157
719	0.05405125041950676
720	0.107120548652059
721	0.13545597578005975
722	0.033909011958307644
723	0.03700263997461306
724	0.08519846393835451
725	0.1782897633913496
726	0.021553020271765533
727	0.13229907639320437
728	0.13545597578005975
729	0.1196929041301189
730	0.10869026470831322
731	0.05871088105361899
732	0.11026050077539473
733	0.08051379491344157
734	0.07583361643378517
735	0.055603979510999935
736	0.1259917246243809
737	0.10084686082628203
738	0.0680432137061544
739	0.18147898574467014
740	0.08363640672454054
741	0.09771310621270146
742	0.08519846393835451
743	0.09145172854496586
744	0.12284125280605096
745	0.0898876547080043
746	0.17988408676011325
747	0.08519846393835451
748	0.1481052916853205
749	0.04784511909202749
750	0.09301630944580985
751	0.1165466689619592
752	0.023095910171818446
753	0.13229907639320437
754	0.07739317889705966
755	0.12284125280605096
756	0.18147898574467014
757	0.055603979510999935
758	0.08519846393835451
759	0.07583361643378517
760	0.07895323800700638
761	0.0711578974542153
762	0.09145172854496586
763	0.13545597578005975
764	0.04939593640503048
765	0.0898876547080043
766	0.12914432925298414
767	0.0898876547080043
768	0.10084686082628203
769	0.08676102356696802
770	0.013845396141363153
771	0.16873583933702996
772	0.12441622271895447
773	0.030817244737853855
774	0.1134025376999741
775	0.0742745494692656
776	0.14177627040347396
777	0.11183125804227956
778	0.11497434094150982
779	0.09301630944580985
780	0.0462947769319868
781	0.10398267182620913
782	0.09614699710961716
783	0.16714550944068662
784	0.09614699710961716
785	0.052499000951213404
786	0.06026505575428942
787	0.033909011958307644
788	0.1576153593099079
789	0.08363640672454054
790	0.10084686082628203
791	0.023095910171818446
792	0.21349984391867416
793	0.08207485076807863
794	0.09145172854496586
795	0.07583361643378517
796	0.18946216002806082
797	0.05871088105361899
798	0.09145172854496586
799	0.023095910171818446
800	0.14019538170161994
801	0.12914432925298414
802	0.107120548652059
803	0.07271597685746123
804	0.1544431187406996
805	0.052499000951213404
806	0.08363640672454054
807	0.08519846393835451
808	0.055603979510999935
809	0.10398267182620913
810	0.06648660708237308
811	0.07739317889705966
812	0.06026505575428942
813	0.035455592817667636
814	0.1576153593099079
815	0.08207485076807863
816	0.22637514744093679
817	0.09301630944580985
818	0.1544431187406996
819	0.13387725644604132
820	0.04939593640503048
821	0.1481052916853205
822	0.11183125804227956
823	0.14335770451877927
824	0.04474490881181481
825	0.09771310621270146
826	0.027727329541539447
827	0.08051379491344157
828	0.1782897633913496
829	0.12914432925298414
830	0.08207485076807863
831	0.08363640672454054
832	0.03236289629747802
833	0.09145172854496586
834	0.05405125041950676
835	0.055603979510999935
836	0.10869026470831322
837	0.12126681367822734
838	0.10398267182620913
839	0.10084686082628203
840	0.09771310621270146
841	0.08207485076807863
842	0.09458139857766668
843	0.04164659024757
844	0.07739317889705966
845	0.10869026470831322
846	0.030817244737853855
847	0.07271597685746123
848	0.13703523561743403
849	0.061819714577254103
850	0.09614699710961716
851	0.1196929041301189
852	-0.016873667980934925
853	0.05094722998587464
854	0.07739317889705966
855	0.05405125041950676
856	0.1196929041301189
857	0.18467051571111348
858	-0.0030718714364859068
859	0.13072143440149553
860	0.01692708504590712
861	0.1181195229584393
862	0.024639257625141298
863	0.09301630944580985
864	0.0680432137061544
865	0.0742745494692656
866	0.09614699710961716
867	0.1165466689619592
868	0.10084686082628203
869	0.020010586839607214
870	0.09458139857766668
871	0.16714550944068662
872	0.0649304891092175
873	0.1181195229584393
874	0.07271597685746123
875	0.09614699710961716
876	0.14968891980521093
877	0.08363640672454054
878	0.0696003101172522
879	0.06648660708237308
880	0.05405125041950676
881	0.05871088105361899
882	0.10241450868872448
883	0.09458139857766668
884	0.04319551362019247
885	0.13387725644604132
886	0.04319551362019247
887	0.10869026470831322
888	0.12756775973184986
889	0.14019538170161994
890	0.05405125041950676
891	0.05715718934775005
892	0
893	0.12284125280605096
894	0.09927972705992794
895	0.04784511909202749
896	0.04939593640503048
897	0.11026050077539473
898	0.11497434094150982
899	0.10398267182620913
900	0.176696014353805
901	0.13545597578005975
902	0.09145172854496586
903	0.17988408676011325
904	0.055603979510999935
905	0.17988408676011325
906	0.21510713177295138
907	0.11183125804227956
908	0.1782897633913496
909	0.027727329541539447
910	0.16714550944068662
911	0.0649304891092175
912	0.1181195229584393
913	0.0696003101172522
914	0.10084686082628203
915	0.0649304891092175
916	0.14493968528044476
917	0.029272056183835105
918	0.05871088105361899
919	0.09458139857766668
920	0.1655557449483318
921	0.0742745494692656
922	0.12914432925298414
923	0.08207485076807863
924	0.13703523561743403
925	0.0649304891092175
926	0.061819714577254103
927	0.12756775973184986
928	0.1055513514196722
929	0.035455592817667636
930	0.07583361643378517
931	0.055603979510999935
932	0.0649304891092175
933	0.14335770451877927
934	0.1165466689619592
935	0.040098137586159766
936	0.0898876547080043
937	0.05405125041950676
938	0.03855015452993449
939	0.12126681367822734
940	0.03855015452993449
941	0.1181195229584393
942	0.08676102356696802
943	0.09927972705992794
944	0.020010586839607214
945	0.08207485076807863
946	0.10084686082628203
947	0.1592023157295106
948	0.1055513514196722
949	0.09927972705992794
950	0.15285783208798698
951	0.18467051571111348
952	0.021553020271765533
953	0.13229907639320437
954	0.061819714577254103
955	0.040098137586159766
956	0.06026505575428942
957	0.21028707630367016
958	0.09771310621270146
959	0.040098137586159766
960	0.05715718934775005
961	0.04319551362019247
962	0.0711578974542153
963	0.07739317889705966
964	0.10869026470831322
965	0.09614699710961716
966	0.04474490881181481
967	0.11026050077539473
968	0.09301630944580985
969	0.12914432925298414
970	0.05871088105361899
971	0.055603979510999935
972	0.0898876547080043
973	0.14968891980521093
974	0.08363640672454054
975	0.10869026470831322
976	0.11497434094150982
977	0.14019538170161994
978	0.1259917246243809
979	0.13703523561743403
980	0.12441622271895447
981	0.03700263997461306
982	0.10084686082628203
983	0.06026505575428942
984	0.04939593640503048
985	0.04784511909202749
986	0.09458139857766668
987	0.09771310621270146
988	0.14335770451877927
989	0.12284125280605096
990	0.05715718934775005
991	0.021553020271765533
992	0.0711578974542153
993	0.08051379491344157
994	0.11183125804227956
995	0.05715718934775005
996	0.1134025376999741
997	0.18147898574467014
998	0.040098137586159766
999	0.1181195229584393
1000	0.10869026470831322
