name	value
1	-0.03623747108840192
2	-0.03613483316842547
3	-0.04391613058774979
4	-0.04217894409447709
5	-0.04993022987774509
6	-0.050947275704221084
7	-0.051760435487132384
8	-0.049828488835540696
9	-0.0425878679107079
10	-0.048403417409620175
11	-0.04463088085929101
12	-0.04166763855038624
13	-0.043098872003266564
14	-0.03274398664702005
15	-0.034183428163576224
16	-0.04748661243624497
17	-0.03449170712535121
18	-0.038391308620411735
19	-0.04023509085173416
20	-0.062091266713569127
21	-0.03777622990637042
22	-0.05389296667560117
23	-0.06451215017849421
24	-0.034080654965421786
25	-0.05561717032687241
26	-0.05023541321768832
27	-0.045141216384248395
28	-0.05480601757572501
29	-0.07255477363792906
30	-0.05531303743111593
31	-0.06057630679868353
32	-0.0562252584413514
33	-0.06743238731585066
34	-0.027076137552779045
35	-0.02717937348953825
36	-0.05328396926431722
37	-0.049726741160721843
38	-0.05632658343861863
39	-0.06077838638394084
40	-0.03305255027871823
41	-0.03900614488327392
42	-0.07586033374417767
43	-0.04350755480644608
44	-0.03777622990637042
45	-0.04656926853740018
46	-0.026250003833730773
47	-0.07556011701180765
48	-0.049828488835540696
49	-0.043098872003266564
50	-0.0784597995089058
51	-0.056123926867908125
52	-0.04993022987774509
53	-0.050642231535668714
54	-0.056123926867908125
55	-0.04748661243624497
56	-0.05470459384224213
57	-0.04697704351318066
58	-0.046773169344781707
59	-0.0688402056346824
60	-0.04952322590963121
61	-0.040849200954856
62	-0.06964410405750598
63	-0.026043401973510072
64	-0.03140617153190561
65	-0.04125847342461597
66	-0.04023509085173416
67	-0.05023541321768832
68	-0.04330322678624654
69	-0.04013271565960608
70	-0.04074686605802924
71	-0.04197444198550926
72	-0.03941590112842874
73	-0.04993022987774509
74	-0.07265504491902774
75	-0.04534530386788305
76	-0.03469719258193393
77	-0.06441135491170868
78	-0.06128347097718745
79	-0.037366042636804764
80	-0.039927945117135266
81	-0.030170245630039005
82	-0.045957406208792406
83	-0.03233247346619095
84	-0.03479992515762831
85	-0.03120025190448672
86	-0.05976772686429399
87	-0.06259592696248717
88	-0.07636056685668535
89	-0.05713694678112091
90	-0.04095152913900435
91	-0.051760435487132384
92	-0.04043982108236577
93	-0.04279228963260806
94	-0.04697704351318066
95	-0.0319208516532008
96	-0.03941590112842874
97	-0.02717937348953825
98	-0.04023509085173416
99	-0.036442726666781056
100	-0.03859628097054468
101	-0.05328396926431722
102	-0.06511678523024145
103	-0.05865524539555622
104	-0.02841767175822696
105	-0.048403417409620175
106	-0.03294970251904061
107	-0.050337127738444565
108	-0.04473296131831006
109	-0.040849200954856
110	-0.06622467534773335
111	-0.04187218087760769
112	-0.06441135491170868
113	-0.06199031509274988
114	-0.04330322678624654
115	-0.04748661243624497
116	-0.048810713470849976
117	-0.04074686605802924
118	-0.056833109813428706
119	-0.046161386976667274
120	-0.06431055314025613
121	-0.03377229472524945
122	-0.05023541321768832
123	-0.05946440141849152
124	-0.032229578199540754
125	-0.049828488835540696
126	-0.0445287937214367
127	-0.041053850611405096
128	-0.04769039342533432
129	-0.0492179032658413
130	-0.04269008211974423
131	-0.05013369206791651
132	-0.04064452444762168
133	-0.04166763855038624
134	-0.04585540582479197
135	-0.06934269061805054
136	-0.06461293894148668
137	-0.018587436068102647
138	-0.050540536896541255
139	-0.06823701025695428
140	-0.043201052740560186
141	-0.03982554976495223
142	-0.05196365925971236
143	-0.062091266713569127
144	-0.06904121902087823
145	-0.06047525719939628
146	-0.05966662492867414
147	-0.05470459384224213
148	-0.03962073889408302
149	-0.053486994800131527
150	-0.044018257817750595
151	-0.05703567436124857
152	-0.03746859956786963
153	-0.044018257817750595
154	-0.0681364550487551
155	-0.05358849766717455
156	-0.04667122227141718
157	-0.044018257817750595
158	-0.04748661243624497
159	-0.04330322678624654
160	-0.042076696390825674
161	-0.049828488835540696
162	-0.06350390469556899
163	-0.06168742107236369
164	-0.024596421683611425
165	-0.029654987207866412
166	-0.053385485332810845
167	-0.048403417409620175
168	-0.04043982108236577
169	-0.0494214583315582
170	-0.051557185252480764
171	-0.06743238731585066
172	-0.03078833104465062
173	-0.05196365925971236
174	-0.0369557474634199
175	-0.0480978755916901
176	-0.05744072463525285
177	-0.02893333920876273
178	-0.04371185607118022
179	-0.05368999393483875
180	-0.04575339877287732
181	-0.050743919549397276
182	-0.0395183233735672
183	-0.06047525719939628
184	-0.050642231535668714
185	-0.05875641283116195
186	-0.05429883300390159
187	-0.0369557474634199
188	-0.04850525139055151
189	-0.048403417409620175
190	-0.05196365925971236
191	-0.04931968411725762
192	-0.05328396926431722
193	-0.05602258871739707
194	-0.05368999393483875
195	-0.04371185607118022
196	-0.051760435487132384
197	-0.045447337600553084
198	-0.04217894409447709
199	-0.03675055939430649
200	-0.051252260268398686
201	-0.04023509085173416
202	-0.08792126867351513
203	-0.04340539414123512
204	-0.062495007957135584
205	-0.05703567436124857
206	-0.0425878679107079
207	-0.06410893007986118
208	-0.05419737631374488
209	-0.04962498685238259
210	-0.0562252584413514
211	-0.042996684573452626
212	-0.060879416371673045
213	-0.0681364550487551
214	-0.03449170712535121
215	-0.04636534108378498
216	-0.033463873496963004
217	-0.03037630132821434
218	-0.05500884527760164
219	-0.05419737631374488
220	-0.05368999393483875
221	-0.06158644334333374
222	-0.051658813678013615
223	-0.039927945117135266
224	-0.055819892681611805
225	-0.04483503509940334
226	-0.038903689001230646
227	-0.06057630679868353
228	-0.04636534108378498
229	-0.05308091732023712
230	-0.05673181768370483
231	-0.033463873496963004
232	-0.05115060536821758
233	-0.058351703756009954
234	-0.03705833137598091
235	-0.04033745932568067
236	-0.057339471917234874
237	-0.03757114975586617
238	-0.03099430507789691
239	-0.07285556818172978
240	-0.039723147690910565
241	-0.03336105286360791
242	-0.04707897061002697
243	-0.035005370008477144
244	-0.055515799277660705
245	-0.0480978755916901
246	-0.048607078727130215
247	-0.07155170679757106
248	-0.04850525139055151
249	-0.04238341940044066
250	-0.0562252584413514
251	-0.04176991306620437
252	-0.07104993182120722
253	-0.04228118509737655
254	-0.05115060536821758
255	-0.04728280483356073
256	-0.05885757371277833
257	-0.05956551644703367
258	-0.03767369320172875
259	-0.05673181768370483
260	-0.06380644668236712
261	-0.06067734985990825
262	-0.06350390469556899
263	-0.050337127738444565
264	-0.03654534432703471
265	-0.037366042636804764
266	-0.05186205068073235
267	-0.059363279842166605
268	-0.06853863705591934
269	-0.0456513850521425
270	-0.06148545908504488
271	-0.06269683944738702
272	-0.05023541321768832
273	-0.06320130409578795
274	-0.04993022987774509
275	-0.05946440141849152
276	-0.07525984260254504
277	-0.03654534432703471
278	-0.04166763855038624
279	-0.06067734985990825
280	-0.04391613058774979
281	-0.02045477449730626
282	-0.03982554976495223
283	-0.030170245630039005
284	-0.05419737631374488
285	-0.06017206916428819
286	-0.04442669990384118
287	-0.05368999393483875
288	-0.04422249222575658
289	-0.03941590112842874
290	-0.06219221180954193
291	-0.05946440141849152
292	-0.06934269061805054
293	-0.06400810878915308
294	-0.06531827824983694
295	-0.06531827824983694
296	-0.06743238731585066
297	-0.05328396926431722
298	-0.04146306940183564
299	-0.05855407140508717
300	-0.04483503509940334
301	-0.06380644668236712
302	-0.061889356946192464
303	-0.05043883563109475
304	-0.04993022987774509
305	-0.062091266713569127
306	-0.06481449695960606
307	-0.04412037836345206
308	-0.04636534108378498
309	-0.05541442164604149
310	-0.0705479956634747
311	-0.03150912114826454
312	-0.06481449695960606
313	-0.04187218087760769
314	-0.04656926853740018
315	-0.034286194588997176
316	-0.04023509085173416
317	-0.041156165372967735
318	-0.043201052740560186
319	-0.05642790186059443
320	-0.06461293894148668
321	-0.045957406208792406
322	-0.0405421761227025
323	-0.04074686605802924
324	-0.03726347896175142
325	-0.04718089104985168
326	-0.05865524539555622
327	-0.06027313838307791
328	-0.03818630933125888
329	-0.0425878679107079
330	-0.05744072463525285
331	-0.049726741160721843
332	-0.06128347097718745
333	-0.08543695345575131
334	-0.0449371022034839
335	-0.05713694678112091
336	-0.05693439537231626
337	-0.03767369320172875
338	-0.05440028310093581
339	-0.04217894409447709
340	-0.036853156803168474
341	-0.051048943847128214
342	-0.01952138500752909
343	-0.0652175349888715
344	-0.06229315038154226
345	-0.048199729511093636
346	-0.04371185607118022
347	-0.03859628097054468
348	-0.05084560093861512
349	-0.0480978755916901
350	-0.04636534108378498
351	-0.021802017503869564
352	-0.0462633673623678
353	-0.057946889760458475
354	-0.043201052740560186
355	-0.06783475058636412
356	-0.07135101614187533
357	-0.06007099340389743
358	-0.06662734975228446
359	-0.04473296131831006
360	-0.043609708782788914
361	-0.04554936466166737
362	-0.038801226389040266
363	-0.058149309876828426
364	-0.07415834260340759
365	-0.04330322678624654
366	-0.01567823180697303
367	-0.040849200954856
368	-0.050947275704221084
369	-0.05723821263282147
370	-0.06612399052644236
371	-0.06047525719939628
372	-0.04901432164800923
373	-0.04156535732923672
374	-0.04952322590963121
375	-0.06138446829662314
376	-0.0524716029667367
377	-0.03859628097054468
378	-0.040030333748383384
379	-0.05744072463525285
380	-0.06027313838307791
381	-0.07155170679757106
382	-0.04830157678343383
383	-0.06602329921535599
384	-0.06219221180954193
385	-0.07965809652902323
386	-0.02490660199135064
387	-0.04646730814182831
388	-0.055819892681611805
389	-0.04442669990384118
390	-0.03305255027871823
391	-0.050337127738444565
392	-0.03140617153190561
393	-0.05571853479455413
394	-0.055515799277660705
395	-0.08235091136783979
396	-0.052268445317910306
397	-0.0456513850521425
398	-0.06531827824983694
399	-0.057946889760458475
400	-0.03490265096616341
401	-0.0449371022034839
402	-0.07515973831170086
403	-0.050642231535668714
404	-0.05186205068073235
405	-0.04064452444762168
406	-0.06974456228409309
407	-0.06793532521433221
408	-0.04870889942026224
409	-0.042996684573452626
410	-0.03664795523590314
411	-0.05470459384224213
412	-0.06964410405750598
413	-0.058048103098734316
414	-0.03294970251904061
415	-0.05267473417861268
416	-0.07165204246057755
417	-0.05561717032687241
418	-0.0456513850521425
419	-0.04636534108378498
420	-0.050642231535668714
421	-0.06783475058636412
422	-0.051760435487132384
423	-0.02893333920876273
424	-0.04656926853740018
425	-0.06017206916428819
426	-0.053182446593758925
427	-0.06491526621648447
428	-0.05976772686429399
429	-0.03962073889408302
430	-0.03243536194333174
431	-0.0462633673623678
432	-0.0445287937214367
433	-0.029345750395854964
434	-0.05368999393483875
435	-0.06511678523024145
436	-0.05754197078776002
437	-0.04687510975839615
438	-0.0549074347205476
439	-0.04166763855038624
440	-0.04074686605802924
441	-0.0480978755916901
442	-0.06057630679868353
443	-0.056123926867908125
444	-0.052268445317910306
445	-0.05480601757572501
446	-0.04534530386788305
447	-0.03623747108840192
448	-0.05429883300390159
449	-0.0745589778852569
450	-0.06783475058636412
451	-0.051658813678013615
452	-0.057339471917234874
453	-0.03150912114826454
454	-0.051252260268398686
455	-0.054501726605739265
456	-0.06229315038154226
457	-0.012346761015727736
458	-0.051658813678013615
459	-0.056630518982249356
460	-0.03294970251904061
461	-0.04166763855038624
462	-0.06400810878915308
463	-0.043609708782788914
464	-0.056630518982249356
465	-0.05419737631374488
466	-0.06259592696248717
467	-0.03336105286360791
468	-0.03900614488327392
469	-0.036442726666781056
470	-0.0456513850521425
471	-0.06158644334333374
472	-0.056833109813428706
473	-0.05855407140508717
474	-0.027385824854686547
475	-0.05470459384224213
476	-0.053994443150486404
477	-0.04503916263146479
478	-0.042996684573452626
479	-0.034080654965421786
480	-0.04850525139055151
481	-0.05084560093861512
482	-0.04340539414123512
483	-0.04748661243624497
484	-0.06229315038154226
485	-0.03377229472524945
486	-0.03274398664702005
487	-0.039723147690910565
488	-0.042076696390825674
489	-0.06118246712585673
490	-0.06733178030420817
491	-0.04993022987774509
492	-0.03613483316842547
493	-0.0438139966725295
494	-0.06944316822535157
495	-0.06299953778813361
496	-0.05368999393483875
497	-0.026146706326560576
498	-0.04850525139055151
499	-0.03613483316842547
500	-0.051252260268398686
501	-0.04187218087760769
502	-0.0405421761227025
503	-0.04422249222575658
504	-0.07064839579471638
505	-0.034183428163576224
506	-0.0528778389607254
507	-0.04585540582479197
508	-0.03140617153190561
509	-0.04646730814182831
510	-0.04187218087760769
511	-0.03449170712535121
512	-0.05531303743111593
513	-0.06259592696248717
514	-0.050743919549397276
515	-0.04636534108378498
516	-0.02883021936327168
517	-0.058149309876828426
518	-0.0395183233735672
519	-0.07636056685668535
520	-0.042894490450205325
521	-0.049726741160721843
522	-0.0494214583315582
523	-0.041053850611405096
524	-0.05592124398893006
525	-0.06340304434269939
526	-0.05084560093861512
527	-0.05602258871739707
528	-0.0405421761227025
529	-0.04074686605802924
530	-0.017445182153782213
531	-0.04156535732923672
532	-0.058452890858866624
533	-0.05632658343861863
534	-0.032538243631890396
535	-0.0438139966725295
536	-0.05592124398893006
537	-0.04962498685238259
538	-0.04707897061002697
539	-0.04442669990384118
540	-0.03479992515762831
541	-0.05368999393483875
542	-0.050540536896541255
543	-0.032846847975452675
544	-0.06168742107236369
545	-0.04503916263146479
546	-0.04422249222575658
547	-0.06219221180954193
548	-0.05389296667560117
549	-0.04830157678343383
550	-0.06148545908504488
551	-0.04901432164800923
552	-0.07395798644261475
553	-0.04391613058774979
554	-0.04033745932568067
555	-0.041053850611405096
556	-0.030170245630039005
557	-0.04095152913900435
558	-0.06964410405750598
559	-0.04187218087760769
560	-0.05328396926431722
561	-0.03634010225421136
562	-0.06873968924256246
563	-0.03931347215775105
564	-0.04891252087979581
565	-0.03962073889408302
566	-0.04667122227141718
567	-0.039927945117135266
568	-0.029242657826433316
569	-0.04758850625703559
570	-0.053182446593758925
571	-0.04176991306620437
572	-0.06400810878915308
573	-0.050540536896541255
574	-0.06662734975228446
575	-0.0524716029667367
576	-0.05043883563109475
577	-0.04850525139055151
578	-0.06441135491170868
579	-0.050337127738444565
580	-0.06259592696248717
581	-0.04687510975839615
582	-0.07205332070052606
583	-0.06259592696248717
584	-0.048810713470849976
585	-0.041053850611405096
586	-0.058048103098734316
587	-0.06934269061805054
588	-0.04391613058774979
589	-0.022009182319880694
590	-0.03931347215775105
591	-0.06853863705591934
592	-0.027385824854686547
593	-0.04656926853740018
594	-0.03613483316842547
595	-0.04799601502431372
596	-0.04870889942026224
597	-0.06823701025695428
598	-0.04901432164800923
599	-0.04125847342461597
600	-0.03294970251904061
601	-0.050743919549397276
602	-0.05723821263282147
603	-0.034183428163576224
604	-0.056833109813428706
605	-0.05186205068073235
606	-0.03438895424260835
607	-0.04371185607118022
608	-0.04911611577639263
609	-0.043201052740560186
610	-0.0425878679107079
611	-0.05196365925971236
612	-0.033463873496963004
613	-0.049828488835540696
614	-0.04269008211974423
615	-0.041360774767266406
616	-0.03931347215775105
617	-0.05297938144285652
618	-0.038083799582242506
619	-0.05713694678112091
620	-0.04095152913900435
621	-0.04013271565960608
622	-0.04656926853740018
623	-0.0528778389607254
624	-0.035005370008477144
625	-0.0456513850521425
626	-0.04033745932568067
627	-0.0636047585358881
628	-0.06320130409578795
629	-0.05043883563109475
630	-0.04891252087979581
631	-0.035005370008477144
632	-0.04146306940183564
633	-0.07616049282276549
634	-0.04350755480644608
635	-0.04850525139055151
636	-0.056123926867908125
637	-0.04043982108236577
638	-0.0702467565568341
639	-0.03757114975586617
640	-0.01869123582135046
641	-0.046059399925777456
642	-0.049726741160721843
643	-0.05865524539555622
644	-0.06118246712585673
645	-0.042485647004575355
646	-0.05186205068073235
647	-0.05115060536821758
648	-0.05308091732023712
649	-0.06551974528226623
650	-0.023044593521323264
651	-0.05470459384224213
652	-0.06994545936263563
653	-0.042485647004575355
654	-0.03757114975586617
655	-0.05855407140508717
656	-0.051048943847128214
657	-0.04176991306620437
658	-0.052065261224967685
659	-0.054501726605739265
660	-0.051658813678013615
661	-0.04197444198550926
662	-0.02480321541393593
663	-0.06199031509274988
664	-0.04033745932568067
665	-0.02294108335136258
666	-0.03264111853280838
667	-0.042894490450205325
668	-0.050642231535668714
669	-0.048403417409620175
670	-0.04340539414123512
671	-0.02252697390919778
672	-0.05196365925971236
673	-0.04340539414123512
674	-0.04146306940183564
675	-0.03397787499360305
676	-0.05571853479455413
677	-0.03006720756767578
678	-0.05966662492867414
679	-0.02841767175822696
680	-0.037366042636804764
681	-0.046161386976667274
682	-0.03798128309570359
683	-0.05186205068073235
684	-0.04952322590963121
685	-0.059969911101024564
686	-0.02686964516617607
687	-0.043201052740560186
688	-0.03757114975586617
689	-0.0549074347205476
690	-0.03037630132821434
691	-0.05855407140508717
692	-0.059363279842166605
693	-0.028727092696410494
694	-0.07385779872924303
695	-0.07395798644261475
696	-0.0321266761424539
697	-0.06441135491170868
698	-0.05855407140508717
699	-0.0118255744764042
700	-0.036853156803168474
701	-0.05754197078776002
702	-0.048810713470849976
703	-0.06219221180954193
704	-0.05135390854857036
705	-0.061081456741746365
706	-0.07365740403226795
707	-0.055819892681611805
708	-0.04125847342461597
709	-0.0492179032658413
710	-0.030170245630039005
711	-0.07004589821631768
712	-0.02810818939387616
713	-0.0492179032658413
714	-0.0438139966725295
715	-0.05267473417861268
716	-0.06733178030420817
717	-0.04442669990384118
718	-0.043609708782788914
719	-0.03140617153190561
720	-0.04269008211974423
721	-0.05521164663199585
722	-0.04646730814182831
723	-0.05571853479455413
724	-0.054603163519210796
725	-0.054603163519210796
726	-0.04656926853740018
727	-0.07395798644261475
728	-0.05632658343861863
729	-0.05511024924778951
730	-0.026972894778637624
731	-0.04125847342461597
732	-0.053791483604015866
733	-0.047384711962056514
734	-0.05764321037564457
735	-0.06027313838307791
736	-0.04901432164800923
737	-0.06047525719939628
738	-0.03325822545006574
739	-0.0405421761227025
740	-0.04146306940183564
741	-0.034080654965421786
742	-0.0395183233735672
743	-0.04769039342533432
744	-0.054501726605739265
745	-0.05825051009562188
746	-0.06168742107236369
747	-0.054501726605739265
748	-0.0456513850521425
749	-0.05084560093861512
750	-0.044018257817750595
751	-0.06299953778813361
752	-0.07155170679757106
753	-0.046161386976667274
754	-0.053994443150486404
755	-0.056123926867908125
756	-0.05703567436124857
757	-0.05084560093861512
758	-0.06944316822535157
759	-0.04146306940183564
760	-0.05875641283116195
761	-0.06420974486326614
762	-0.07084917670592716
763	-0.0480978755916901
764	-0.0540959130295704
765	-0.04993022987774509
766	-0.06269683944738702
767	-0.0549074347205476
768	-0.06853863705591934
769	-0.05885757371277833
770	-0.0492179032658413
771	-0.040030333748383384
772	-0.060374201061154764
773	-0.050540536896541255
774	-0.058048103098734316
775	-0.04789414780806922
776	-0.05966662492867414
777	-0.05744072463525285
778	-0.048403417409620175
779	-0.034183428163576224
780	-0.03654534432703471
781	-0.06199031509274988
782	-0.05825051009562188
783	-0.06723116681322239
784	-0.04340539414123512
785	-0.0438139966725295
786	-0.05875641283116195
787	-0.05916101704261578
788	-0.05723821263282147
789	-0.04870889942026224
790	-0.04197444198550926
791	-0.04952322590963121
792	-0.06158644334333374
793	-0.03798128309570359
794	-0.048810713470849976
795	-0.029551915085633595
796	-0.06077838638394084
797	-0.03869875704578618
798	-0.05632658343861863
799	-0.03982554976495223
800	-0.03869875704578618
801	-0.04350755480644608
802	-0.049828488835540696
803	-0.048403417409620175
804	-0.0747592570200517
805	-0.06400810878915308
806	-0.027901833679432997
807	-0.04697704351318066
808	-0.04830157678343383
809	-0.06451215017849421
810	-0.0462633673623678
811	-0.04646730814182831
812	-0.05237002744738817
813	-0.052268445317910306
814	-0.0369557474634199
815	-0.015366208903945022
816	-0.042894490450205325
817	-0.06511678523024145
818	-0.049828488835540696
819	-0.03705833137598091
820	-0.061081456741746365
821	-0.0462633673623678
822	-0.05480601757572501
823	-0.07325653753328609
824	-0.037366042636804764
825	-0.0462633673623678
826	-0.05825051009562188
827	-0.06582189712026221
828	-0.0425878679107079
829	-0.06692928745548699
830	-0.06632535368008874
831	-0.053994443150486404
832	-0.04156535732923672
833	-0.0549074347205476
834	-0.04217894409447709
835	-0.0627977454127091
836	-0.04033745932568067
837	-0.06118246712585673
838	-0.045141216384248395
839	-0.05358849766717455
840	-0.06299953778813361
841	-0.06451215017849421
842	-0.0565292137081741
843	-0.04687510975839615
844	-0.04687510975839615
845	-0.037160908541785886
846	-0.0549074347205476
847	-0.042996684573452626
848	-0.06622467534773335
849	-0.05976772686429399
850	-0.05257317187684407
851	-0.05013369206791651
852	-0.06219221180954193
853	-0.06441135491170868
854	-0.06158644334333374
855	-0.05713694678112091
856	-0.03705833137598091
857	-0.04636534108378498
858	-0.05673181768370483
859	-0.0369557474634199
860	-0.03592953706225899
861	-0.04146306940183564
862	-0.024596421683611425
863	-0.045447337600553084
864	-0.04993022987774509
865	-0.0319208516532008
866	-0.02686964516617607
867	-0.07606044620111874
868	-0.05956551644703367
869	-0.05023541321768832
870	-0.05561717032687241
871	-0.053994443150486404
872	-0.08643115315400962
873	-0.06511678523024145
874	-0.07104993182120722
875	-0.04473296131831006
876	-0.05429883300390159
877	-0.07094955748762644
878	-0.04146306940183564
879	-0.04656926853740018
880	-0.02263051158598728
881	-0.04575339877287732
882	-0.038801226389040266
883	-0.05693439537231626
884	-0.03397787499360305
885	-0.03941590112842874
886	-0.04146306940183564
887	-0.04463088085929101
888	-0.06138446829662314
889	-0.0681364550487551
890	-0.02717937348953825
891	-0.03910859403609379
892	-0.06531827824983694
893	-0.061081456741746365
894	-0.054603163519210796
895	-0.04064452444762168
896	-0.05135390854857036
897	-0.06299953778813361
898	-0.05429883300390159
899	-0.03931347215775105
900	-0.04636534108378498
901	-0.050947275704221084
902	-0.05703567436124857
903	-0.05531303743111593
904	-0.05277628987294136
905	-0.06713054684202291
906	-0.03006720756767578
907	-0.04391613058774979
908	-0.05389296667560117
909	-0.08940996586902372
910	-0.0449371022034839
911	-0.04534530386788305
912	-0.06420974486326614
913	-0.05023541321768832
914	-0.056630518982249356
915	-0.05673181768370483
916	-0.05135390854857036
917	-0.05237002744738817
918	-0.046059399925777456
919	-0.06390728099028564
920	-0.06733178030420817
921	-0.05308091732023712
922	-0.04718089104985168
923	-0.04789414780806922
924	-0.04483503509940334
925	-0.035108082285493225
926	-0.05115060536821758
927	-0.06511678523024145
928	-0.04891252087979581
929	-0.04166763855038624
930	-0.04779227394204
931	-0.026250003833730773
932	-0.05592124398893006
933	-0.03161206396764271
934	-0.041156165372967735
935	-0.04197444198550926
936	-0.06017206916428819
937	-0.03849379816239562
938	-0.04412037836345206
939	-0.04636534108378498
940	-0.044018257817750595
941	-0.04789414780806922
942	-0.05257317187684407
943	-0.05693439537231626
944	-0.03675055939430649
945	-0.04891252087979581
946	-0.0449371022034839
947	-0.06310042419999462
948	-0.05216685657740072
949	-0.05744072463525285
950	-0.06612399052644236
951	-0.04758850625703559
952	-0.04217894409447709
953	-0.05956551644703367
954	-0.0695436393715454
955	-0.06682864803840971
956	-0.09366972910741111
957	-0.04166763855038624
958	-0.04023509085173416
959	-0.03859628097054468
960	-0.03982554976495223
961	-0.03623747108840192
962	-0.03479992515762831
963	-0.07064839579471638
964	-0.050540536896541255
965	-0.05297938144285652
966	-0.0445287937214367
967	-0.032229578199540754
968	-0.059363279842166605
969	-0.053385485332810845
970	-0.02821135700868993
971	-0.05521164663199585
972	-0.04095152913900435
973	-0.04412037836345206
974	-0.05358849766717455
975	-0.023872427485066794
976	-0.05043883563109475
977	-0.07235421177193757
978	-0.03027327688323922
979	-0.04412037836345206
980	-0.05267473417861268
981	-0.04483503509940334
982	-0.04217894409447709
983	-0.018795028660143487
984	-0.060374201061154764
985	-0.06773416948340127
986	-0.051557185252480764
987	-0.04718089104985168
988	-0.04064452444762168
989	-0.059363279842166605
990	-0.05895872804130775
991	-0.07385779872924303
992	-0.06067734985990825
993	-0.04962498685238259
994	-0.050947275704221084
995	-0.0528778389607254
996	-0.05885757371277833
997	-0.03654534432703471
998	-0.038391308620411735
999	-0.054501726605739265
1000	-0.04064452444762168
