name	value
1	0.8494239047334986
2	1.587102469035731
3	2.1724213227390337
4	0.8494239047334986
5	0.17028188333427074
6	0.8494239047334986
7	1.587102469035731
8	1.587102469035731
9	3.172777587721926
10	2.1724213227390337
11	1.587102469035731
12	1.171708528732001
13	1.171708528732001
14	0.5860328816587597
15	1.171708528732001
16	1.171708528732001
17	0.3632837549079877
18	0.3632837549079877
19	1.171708528732001
20	2.1724213227390337
21	0.8494239047334986
22	0.3632837549079877
23	1.587102469035731
24	1.171708528732001
25	0.3632837549079877
26	1.171708528732001
27	0.8494239047334986
28	1.171708528732001
29	2.1724213227390337
30	1.587102469035731
31	1.171708528732001
32	0.17028188333427074
33	0.3632837549079877
34	0.17028188333427074
35	1.587102469035731
36	2.1724213227390337
37	1.171708528732001
38	1.171708528732001
39	0.8494239047334986
40	1.587102469035731
41	2.1724213227390337
42	1.587102469035731
43	2.1724213227390337
44	2.1724213227390337
45	0.5860328816587597
46	2.1724213227390337
47	3.172777587721926
48	2.1724213227390337
49	0.8494239047334986
50	1.171708528732001
51	1.171708528732001
52	0.17028188333427074
53	0.8494239047334986
54	0.5860328816587597
55	0.8494239047334986
56	1.587102469035731
57	0.5860328816587597
58	2.1724213227390337
59	1.171708528732001
60	1.587102469035731
61	1.171708528732001
62	0.17028188333427074
63	0.8494239047334986
64	2.1724213227390337
65	1.587102469035731
66	0.8494239047334986
67	2.1724213227390337
68	0.8494239047334986
69	0.3632837549079877
70	0.3632837549079877
71	1.171708528732001
72	1.171708528732001
73	1.587102469035731
74	0.3632837549079877
75	0.8494239047334986
76	2.1724213227390337
77	1.171708528732001
78	1.587102469035731
79	3.172777587721926
80	0.3632837549079877
81	1.171708528732001
82	0.8494239047334986
83	0.8494239047334986
84	2.1724213227390337
85	1.171708528732001
86	0.5860328816587597
87	2.1724213227390337
88	1.171708528732001
89	0.17028188333427074
90	1.587102469035731
91	1.171708528732001
92	0.3632837549079877
93	0.8494239047334986
94	0.5860328816587597
95	1.587102469035731
96	0.3632837549079877
97	1.171708528732001
98	1.171708528732001
99	2.1724213227390337
100	0.8494239047334986
101	1.171708528732001
102	0.5860328816587597
103	0.5860328816587597
104	1.587102469035731
105	0.17028188333427074
106	1.171708528732001
107	2.1724213227390337
108	0.8494239047334986
109	1.587102469035731
110	1.171708528732001
111	1.587102469035731
112	2.1724213227390337
113	0.8494239047334986
114	3.172777587721926
115	0.5860328816587597
116	1.171708528732001
117	2.1724213227390337
118	1.171708528732001
119	2.1724213227390337
120	0.17028188333427074
121	0.8494239047334986
122	2.1724213227390337
123	1.171708528732001
124	1.587102469035731
125	1.171708528732001
126	1.171708528732001
127	0.8494239047334986
128	0.8494239047334986
129	0.5860328816587597
130	1.171708528732001
131	0.3632837549079877
132	0.3632837549079877
133	1.171708528732001
134	0.5860328816587597
135	1.171708528732001
136	0.3632837549079877
137	1.171708528732001
138	0.5860328816587597
139	2.1724213227390337
140	1.171708528732001
141	0.3632837549079877
142	1.171708528732001
143	0.5860328816587597
144	0.8494239047334986
145	1.171708528732001
146	2.1724213227390337
147	2.1724213227390337
148	2.1724213227390337
149	0.8494239047334986
150	0.5860328816587597
151	1.171708528732001
152	0.5860328816587597
153	1.587102469035731
154	0.8494239047334986
155	2.1724213227390337
156	1.171708528732001
157	1.587102469035731
158	1.587102469035731
159	1.587102469035731
160	1.587102469035731
161	2.1724213227390337
162	2.1724213227390337
163	1.171708528732001
164	1.171708528732001
165	0.5860328816587597
166	2.1724213227390337
167	0.8494239047334986
168	0.17028188333427074
169	0.8494239047334986
170	0.8494239047334986
171	1.171708528732001
172	2.1724213227390337
173	0.8494239047334986
174	0.8494239047334986
175	2.1724213227390337
176	2.1724213227390337
177	0.8494239047334986
178	2.1724213227390337
179	1.171708528732001
180	1.171708528732001
181	0.8494239047334986
182	0.5860328816587597
183	0.8494239047334986
184	1.587102469035731
185	2.1724213227390337
186	1.587102469035731
187	0.3632837549079877
188	1.171708528732001
189	1.587102469035731
190	1.171708528732001
191	1.171708528732001
192	1.171708528732001
193	1.171708528732001
194	1.587102469035731
195	2.1724213227390337
196	0.3632837549079877
197	0.8494239047334986
198	0.5860328816587597
199	1.587102469035731
200	1.171708528732001
201	3.172777587721926
202	0.8494239047334986
203	0.5860328816587597
204	1.171708528732001
205	0.3632837549079877
206	1.171708528732001
207	0.8494239047334986
208	0.17028188333427074
209	1.587102469035731
210	0.8494239047334986
211	2.1724213227390337
212	1.587102469035731
213	1.587102469035731
214	0
215	0.8494239047334986
216	1.171708528732001
217	0.8494239047334986
218	1.587102469035731
219	0.17028188333427074
220	0.8494239047334986
221	2.1724213227390337
222	1.171708528732001
223	0.3632837549079877
224	1.171708528732001
225	1.171708528732001
226	2.1724213227390337
227	1.171708528732001
228	2.1724213227390337
229	1.587102469035731
230	2.1724213227390337
231	1.171708528732001
232	3.172777587721926
233	1.587102469035731
234	0.8494239047334986
235	0.8494239047334986
236	1.171708528732001
237	0.8494239047334986
238	1.171708528732001
239	0.8494239047334986
240	1.171708528732001
241	1.171708528732001
242	0.3632837549079877
243	1.587102469035731
244	0.5860328816587597
245	2.1724213227390337
246	0.5860328816587597
247	1.587102469035731
248	1.587102469035731
249	0.8494239047334986
250	1.171708528732001
251	0.5860328816587597
252	0.5860328816587597
253	1.171708528732001
254	1.171708528732001
255	0
256	0.8494239047334986
257	-0.2902206459355625
258	1.171708528732001
259	0.5860328816587597
260	1.587102469035731
261	1.587102469035731
262	1.587102469035731
263	1.171708528732001
264	0.8494239047334986
265	0.5860328816587597
266	0.17028188333427074
267	3.172777587721926
268	1.587102469035731
269	0.3632837549079877
270	0.17028188333427074
271	0.8494239047334986
272	1.587102469035731
273	0
274	1.171708528732001
275	1.587102469035731
276	2.1724213227390337
277	2.1724213227390337
278	1.587102469035731
279	0.17028188333427074
280	0.3632837549079877
281	0
282	0.8494239047334986
283	3.172777587721926
284	1.171708528732001
285	0.3632837549079877
286	1.171708528732001
287	0.5860328816587597
288	1.587102469035731
289	0.5860328816587597
290	1.171708528732001
291	0.8494239047334986
292	0.8494239047334986
293	0.8494239047334986
294	1.171708528732001
295	2.1724213227390337
296	0.5860328816587597
297	1.171708528732001
298	2.1724213227390337
299	0.3632837549079877
300	2.1724213227390337
301	0.8494239047334986
302	2.1724213227390337
303	0.8494239047334986
304	1.587102469035731
305	0.8494239047334986
306	0.3632837549079877
307	0
308	0
309	1.171708528732001
310	1.171708528732001
311	0.8494239047334986
312	3.172777587721926
313	1.587102469035731
314	1.587102469035731
315	1.587102469035731
316	1.171708528732001
317	3.172777587721926
318	1.171708528732001
319	0.5860328816587597
320	1.171708528732001
321	1.587102469035731
322	0.3632837549079877
323	1.587102469035731
324	0.3632837549079877
325	0
326	0.5860328816587597
327	1.171708528732001
328	1.587102469035731
329	0
330	1.171708528732001
331	1.587102469035731
332	0.3632837549079877
333	0.5860328816587597
334	0.5860328816587597
335	1.587102469035731
336	2.1724213227390337
337	0.5860328816587597
338	1.171708528732001
339	1.587102469035731
340	0.8494239047334986
341	1.587102469035731
342	0.8494239047334986
343	0.8494239047334986
344	0.5860328816587597
345	1.587102469035731
346	0.8494239047334986
347	1.587102469035731
348	0.17028188333427074
349	0.8494239047334986
350	2.1724213227390337
351	0.8494239047334986
352	0.3632837549079877
353	1.587102469035731
354	1.171708528732001
355	1.587102469035731
356	2.1724213227390337
357	1.587102469035731
358	0.5860328816587597
359	1.171708528732001
360	1.171708528732001
361	0.17028188333427074
362	1.171708528732001
363	2.1724213227390337
364	0.17028188333427074
365	0.3632837549079877
366	0.8494239047334986
367	1.171708528732001
368	1.171708528732001
369	0.8494239047334986
370	1.171708528732001
371	2.1724213227390337
372	1.587102469035731
373	0.8494239047334986
374	1.587102469035731
375	0.8494239047334986
376	0.5860328816587597
377	0.8494239047334986
378	0.8494239047334986
379	0.8494239047334986
380	1.587102469035731
381	2.1724213227390337
382	0.5860328816587597
383	0.3632837549079877
384	1.587102469035731
385	1.587102469035731
386	0.8494239047334986
387	-0.41610867495549364
388	2.1724213227390337
389	1.587102469035731
390	1.171708528732001
391	0.5860328816587597
392	0.3632837549079877
393	0.3632837549079877
394	0.3632837549079877
395	0.5860328816587597
396	0.5860328816587597
397	2.1724213227390337
398	2.1724213227390337
399	1.587102469035731
400	1.587102469035731
401	1.587102469035731
402	1.171708528732001
403	2.1724213227390337
404	1.587102469035731
405	2.1724213227390337
406	1.171708528732001
407	1.171708528732001
408	0.5860328816587597
409	1.587102469035731
410	0.5860328816587597
411	1.171708528732001
412	1.171708528732001
413	1.171708528732001
414	1.171708528732001
415	1.171708528732001
416	1.587102469035731
417	1.171708528732001
418	-0.15236006364132493
419	1.171708528732001
420	0.5860328816587597
421	1.587102469035731
422	1.587102469035731
423	0.17028188333427074
424	1.587102469035731
425	0.8494239047334986
426	0.8494239047334986
427	1.587102469035731
428	1.587102469035731
429	1.171708528732001
430	3.172777587721926
431	0.8494239047334986
432	0.5860328816587597
433	2.1724213227390337
434	1.171708528732001
435	0.5860328816587597
436	0.3632837549079877
437	1.171708528732001
438	1.587102469035731
439	0.8494239047334986
440	2.1724213227390337
441	1.587102469035731
442	0.5860328816587597
443	1.171708528732001
444	1.587102469035731
445	0.8494239047334986
446	0.8494239047334986
447	0.8494239047334986
448	-0.15236006364132493
449	1.171708528732001
450	1.171708528732001
451	0.3632837549079877
452	1.587102469035731
453	1.171708528732001
454	0.5860328816587597
455	2.1724213227390337
456	1.171708528732001
457	0.8494239047334986
458	0.5860328816587597
459	2.1724213227390337
460	1.171708528732001
461	0.3632837549079877
462	0.5860328816587597
463	-0.15236006364132493
464	1.171708528732001
465	1.587102469035731
466	1.171708528732001
467	0.3632837549079877
468	0.8494239047334986
469	0.5860328816587597
470	0.8494239047334986
471	1.171708528732001
472	0.8494239047334986
473	1.171708528732001
474	1.171708528732001
475	0.5860328816587597
476	2.1724213227390337
477	0.5860328816587597
478	0.5860328816587597
479	1.171708528732001
480	3.172777587721926
481	1.587102469035731
482	0.5860328816587597
483	0.3632837549079877
484	0.5860328816587597
485	2.1724213227390337
486	1.171708528732001
487	0.3632837549079877
488	0.8494239047334986
489	0.5860328816587597
490	1.587102469035731
491	1.171708528732001
492	1.587102469035731
493	1.587102469035731
494	1.171708528732001
495	0.3632837549079877
496	0.8494239047334986
497	0.5860328816587597
498	1.587102469035731
499	2.1724213227390337
500	2.1724213227390337
501	0.8494239047334986
502	0.3632837549079877
503	0.3632837549079877
504	0.5860328816587597
505	2.1724213227390337
506	1.171708528732001
507	3.172777587721926
508	3.172777587721926
509	0.8494239047334986
510	0
511	1.587102469035731
512	0.5860328816587597
513	1.587102469035731
514	0.8494239047334986
515	1.587102469035731
516	1.171708528732001
517	2.1724213227390337
518	1.587102469035731
519	2.1724213227390337
520	1.171708528732001
521	1.587102469035731
522	0.8494239047334986
523	1.171708528732001
524	0.3632837549079877
525	0.8494239047334986
526	0
527	0.3632837549079877
528	0.3632837549079877
529	1.587102469035731
530	1.171708528732001
531	2.1724213227390337
532	1.587102469035731
533	0.8494239047334986
534	2.1724213227390337
535	1.587102469035731
536	1.587102469035731
537	0.8494239047334986
538	0.17028188333427074
539	1.171708528732001
540	1.587102469035731
541	0.17028188333427074
542	0.5860328816587597
543	1.171708528732001
544	1.171708528732001
545	0.8494239047334986
546	1.587102469035731
547	1.171708528732001
548	0.8494239047334986
549	1.171708528732001
550	0.3632837549079877
551	0.5860328816587597
552	1.587102469035731
553	1.171708528732001
554	0
555	1.587102469035731
556	1.171708528732001
557	0.17028188333427074
558	1.587102469035731
559	0.3632837549079877
560	1.171708528732001
561	1.587102469035731
562	1.587102469035731
563	0.17028188333427074
564	1.171708528732001
565	0.8494239047334986
566	1.171708528732001
567	1.587102469035731
568	0.8494239047334986
569	0.5860328816587597
570	1.587102469035731
571	1.171708528732001
572	0.8494239047334986
573	1.171708528732001
574	1.171708528732001
575	1.587102469035731
576	0.5860328816587597
577	0.17028188333427074
578	1.587102469035731
579	0.5860328816587597
580	1.171708528732001
581	1.587102469035731
582	0.8494239047334986
583	1.587102469035731
584	0.8494239047334986
585	1.587102469035731
586	1.587102469035731
587	0.5860328816587597
588	1.587102469035731
589	1.171708528732001
590	0.8494239047334986
591	1.587102469035731
592	1.587102469035731
593	1.171708528732001
594	1.171708528732001
595	0.5860328816587597
596	0.8494239047334986
597	1.171708528732001
598	1.587102469035731
599	1.587102469035731
600	1.587102469035731
601	0.3632837549079877
602	0.5860328816587597
603	1.171708528732001
604	0.8494239047334986
605	0.5860328816587597
606	2.1724213227390337
607	0.5860328816587597
608	1.587102469035731
609	1.171708528732001
610	0.5860328816587597
611	1.587102469035731
612	2.1724213227390337
613	0.3632837549079877
614	1.587102469035731
615	0
616	1.171708528732001
617	1.587102469035731
618	1.171708528732001
619	1.171708528732001
620	0.3632837549079877
621	0.8494239047334986
622	1.171708528732001
623	0.17028188333427074
624	2.1724213227390337
625	1.171708528732001
626	1.171708528732001
627	1.587102469035731
628	0.8494239047334986
629	1.171708528732001
630	1.587102469035731
631	0.3632837549079877
632	1.171708528732001
633	0.5860328816587597
634	1.587102469035731
635	1.587102469035731
636	1.587102469035731
637	2.1724213227390337
638	1.171708528732001
639	0.5860328816587597
640	1.587102469035731
641	0.8494239047334986
642	3.172777587721926
643	0.3632837549079877
644	1.587102469035731
645	0.3632837549079877
646	0.8494239047334986
647	2.1724213227390337
648	0.8494239047334986
649	1.171708528732001
650	2.1724213227390337
651	1.587102469035731
652	2.1724213227390337
653	1.587102469035731
654	1.587102469035731
655	1.171708528732001
656	0.3632837549079877
657	0.8494239047334986
658	2.1724213227390337
659	3.172777587721926
660	0.5860328816587597
661	1.171708528732001
662	0.5860328816587597
663	2.1724213227390337
664	0.8494239047334986
665	0.3632837549079877
666	0.5860328816587597
667	0.8494239047334986
668	1.587102469035731
669	1.587102469035731
670	1.171708528732001
671	1.171708528732001
672	0.8494239047334986
673	1.587102469035731
674	2.1724213227390337
675	0.5860328816587597
676	1.587102469035731
677	0.3632837549079877
678	0.8494239047334986
679	1.171708528732001
680	2.1724213227390337
681	1.171708528732001
682	0.3632837549079877
683	1.587102469035731
684	0.5860328816587597
685	1.171708528732001
686	0.3632837549079877
687	1.171708528732001
688	1.171708528732001
689	1.171708528732001
690	1.587102469035731
691	0.5860328816587597
692	0.8494239047334986
693	0.5860328816587597
694	0.3632837549079877
695	1.171708528732001
696	3.172777587721926
697	0.8494239047334986
698	1.171708528732001
699	0.17028188333427074
700	1.587102469035731
701	0.8494239047334986
702	0.5860328816587597
703	0.8494239047334986
704	1.171708528732001
705	1.587102469035731
706	2.1724213227390337
707	2.1724213227390337
708	0.8494239047334986
709	2.1724213227390337
710	1.587102469035731
711	2.1724213227390337
712	1.587102469035731
713	1.171708528732001
714	1.587102469035731
715	0.3632837549079877
716	1.171708528732001
717	1.171708528732001
718	1.171708528732001
719	1.587102469035731
720	0.5860328816587597
721	2.1724213227390337
722	0.8494239047334986
723	2.1724213227390337
724	0.17028188333427074
725	0.8494239047334986
726	0.5860328816587597
727	1.171708528732001
728	1.587102469035731
729	-0.41610867495549364
730	1.171708528732001
731	2.1724213227390337
732	1.587102469035731
733	0.8494239047334986
734	2.1724213227390337
735	1.171708528732001
736	0.8494239047334986
737	0.3632837549079877
738	0.5860328816587597
739	0.8494239047334986
740	1.587102469035731
741	1.587102469035731
742	0.5860328816587597
743	1.587102469035731
744	1.587102469035731
745	3.172777587721926
746	0.5860328816587597
747	0.5860328816587597
748	1.587102469035731
749	1.587102469035731
750	2.1724213227390337
751	0.8494239047334986
752	1.171708528732001
753	0.5860328816587597
754	1.171708528732001
755	0.5860328816587597
756	2.1724213227390337
757	0.3632837549079877
758	1.587102469035731
759	1.587102469035731
760	3.172777587721926
761	0.5860328816587597
762	2.1724213227390337
763	1.587102469035731
764	1.587102469035731
765	0.8494239047334986
766	0.5860328816587597
767	0.3632837549079877
768	2.1724213227390337
769	0.8494239047334986
770	1.587102469035731
771	1.587102469035731
772	0.8494239047334986
773	0.8494239047334986
774	3.172777587721926
775	1.171708528732001
776	0.8494239047334986
777	1.171708528732001
778	1.171708528732001
779	0.5860328816587597
780	0.8494239047334986
781	2.1724213227390337
782	0.3632837549079877
783	1.587102469035731
784	1.587102469035731
785	3.172777587721926
786	3.172777587721926
787	0
788	1.171708528732001
789	1.587102469035731
790	1.171708528732001
791	0.17028188333427074
792	0.3632837549079877
793	0.8494239047334986
794	0.5860328816587597
795	2.1724213227390337
796	1.587102469035731
797	0.5860328816587597
798	0.8494239047334986
799	0.3632837549079877
800	1.171708528732001
801	3.172777587721926
802	2.1724213227390337
803	2.1724213227390337
804	1.587102469035731
805	1.171708528732001
806	2.1724213227390337
807	1.171708528732001
808	0.5860328816587597
809	2.1724213227390337
810	1.587102469035731
811	0.3632837549079877
812	0.3632837549079877
813	1.171708528732001
814	0.5860328816587597
815	1.587102469035731
816	0.5860328816587597
817	0.5860328816587597
818	0.8494239047334986
819	3.172777587721926
820	0.5860328816587597
821	0.3632837549079877
822	0
823	0.3632837549079877
824	1.171708528732001
825	0.5860328816587597
826	1.171708528732001
827	0.8494239047334986
828	0.8494239047334986
829	0.5860328816587597
830	1.171708528732001
831	1.171708528732001
832	2.1724213227390337
833	1.587102469035731
834	1.171708528732001
835	1.171708528732001
836	0.8494239047334986
837	1.587102469035731
838	0.5860328816587597
839	0.8494239047334986
840	1.587102469035731
841	0.5860328816587597
842	0
843	0.5860328816587597
844	0.5860328816587597
845	1.171708528732001
846	0.8494239047334986
847	1.171708528732001
848	0.8494239047334986
849	1.587102469035731
850	1.587102469035731
851	0.5860328816587597
852	1.587102469035731
853	1.171708528732001
854	0.17028188333427074
855	0.8494239047334986
856	0.8494239047334986
857	3.172777587721926
858	1.587102469035731
859	0.8494239047334986
860	0.3632837549079877
861	2.1724213227390337
862	1.587102469035731
863	0.8494239047334986
864	1.587102469035731
865	0.8494239047334986
866	0.5860328816587597
867	1.171708528732001
868	1.587102469035731
869	2.1724213227390337
870	1.171708528732001
871	0.5860328816587597
872	1.587102469035731
873	1.171708528732001
874	1.587102469035731
875	0.17028188333427074
876	1.587102469035731
877	0.5860328816587597
878	1.587102469035731
879	0.5860328816587597
880	1.587102469035731
881	0.8494239047334986
882	1.171708528732001
883	0.8494239047334986
884	1.171708528732001
885	2.1724213227390337
886	0.5860328816587597
887	1.587102469035731
888	1.587102469035731
889	0.5860328816587597
890	1.171708528732001
891	0.8494239047334986
892	0
893	2.1724213227390337
894	0.5860328816587597
895	2.1724213227390337
896	0.3632837549079877
897	0.5860328816587597
898	0
899	1.171708528732001
900	0.8494239047334986
901	0.5860328816587597
902	1.171708528732001
903	1.171708528732001
904	1.171708528732001
905	1.587102469035731
906	1.587102469035731
907	3.172777587721926
908	1.171708528732001
909	0.5860328816587597
910	0.8494239047334986
911	0.5860328816587597
912	1.171708528732001
913	0.5860328816587597
914	0.8494239047334986
915	1.171708528732001
916	1.587102469035731
917	1.587102469035731
918	1.171708528732001
919	1.171708528732001
920	0.17028188333427074
921	0.8494239047334986
922	0.5860328816587597
923	2.1724213227390337
924	0.8494239047334986
925	1.171708528732001
926	1.587102469035731
927	3.172777587721926
928	3.172777587721926
929	0.8494239047334986
930	1.171708528732001
931	1.171708528732001
932	1.171708528732001
933	1.587102469035731
934	1.171708528732001
935	2.1724213227390337
936	1.171708528732001
937	0.8494239047334986
938	0
939	0.8494239047334986
940	0.8494239047334986
941	1.171708528732001
942	1.587102469035731
943	1.587102469035731
944	1.171708528732001
945	1.171708528732001
946	2.1724213227390337
947	1.171708528732001
948	1.587102469035731
949	0.8494239047334986
950	1.171708528732001
951	2.1724213227390337
952	1.171708528732001
953	1.171708528732001
954	0.3632837549079877
955	0.3632837549079877
956	1.587102469035731
957	0.17028188333427074
958	1.171708528732001
959	1.171708528732001
960	-0.15236006364132493
961	0.8494239047334986
962	1.587102469035731
963	0.3632837549079877
964	1.171708528732001
965	-0.15236006364132493
966	0.5860328816587597
967	0.5860328816587597
968	0.8494239047334986
969	1.171708528732001
970	0.8494239047334986
971	0.3632837549079877
972	1.587102469035731
973	1.587102469035731
974	1.587102469035731
975	1.171708528732001
976	0.8494239047334986
977	1.587102469035731
978	1.171708528732001
979	0.5860328816587597
980	1.171708528732001
981	0.17028188333427074
982	1.171708528732001
983	0
984	3.172777587721926
985	0.5860328816587597
986	0.5860328816587597
987	1.587102469035731
988	1.587102469035731
989	1.171708528732001
990	0.8494239047334986
991	1.171708528732001
992	0.5860328816587597
993	0.5860328816587597
994	1.171708528732001
995	0.8494239047334986
996	0.5860328816587597
997	1.587102469035731
998	0
999	1.171708528732001
1000	0.8494239047334986
