name	value
1	-0.15101428192699018
2	-0.15517358301036666
3	-0.1509692276632819
4	-0.15089413685636544
5	-0.14332260867715618
6	-0.1408878941508327
7	-0.15428778411362032
8	-0.14814549639537233
9	-0.15371723607099952
10	-0.1488364696641149
11	-0.1596616648152036
12	-0.15640458855590111
13	-0.15176516200366308
14	-0.14910683985374007
15	-0.1574103199775898
16	-0.14984281728067117
17	-0.15078900895497327
18	-0.14730425862016006
19	-0.1437584004603778
20	-0.14855107240914833
21	-0.14252612075462778
22	-0.14464496260712068
23	-0.15134467481144398
24	-0.1487012823231062
25	-0.1538673828408612
26	-0.1488214489224191
27	-0.14737937150208325
28	-0.1464028677828999
29	-0.14927206313373986
30	-0.14728923598804755
31	-0.14685357157233625
32	-0.15364216200308434
33	-0.15577408872265508
34	-0.14425428224754455
35	-0.14922700246082599
36	-0.14713900864506257
37	-0.15277126950247677
38	-0.15403254218495732
39	-0.15026335593323736
40	-0.1567048153688262
41	-0.14593712292147742
42	-0.1482806898999698
43	-0.1484909879254488
44	-0.14867124048831926
45	-0.1542427418022747
46	-0.15626948413326858
47	-0.15147983297682188
48	-0.15542880147982174
49	-0.15329681542262463
50	-0.14745448391970584
51	-0.14595214722893246
52	-0.15023331793691241
53	-0.14745448391970584
54	-0.15344696729464857
55	-0.14584697668498592
56	-0.15515856999607536
57	-0.14532111024528405
58	-0.15735027858194783
59	-0.15194536640137457
60	-0.1555338899156844
61	-0.14877638658637693
62	-0.14079771001562236
63	-0.15341693706610826
64	-0.14736434896284578
65	-0.14362315642543422
66	-0.15460307571241572
67	-0.1579656892364909
68	-0.14542628536352353
69	-0.14867124048831926
70	-0.1475295958731344
71	-0.14368326507321783
72	-0.1430070254472966
73	-0.14598219578788374
74	-0.15129962175941714
75	-0.15015822262390088
76	-0.15539877604938113
77	-0.14936218398103307
78	-0.15616440190374092
79	-0.1552786736027727
80	-0.15155492020451788
81	-0.1527412376314814
82	-0.1482806898999698
83	-0.15119449732903334
84	-0.14985783676699782
85	-0.13717474807795327
86	-0.1470488713472129
87	-0.14755964052455184
88	-0.15377729499747161
89	-0.1513897276983407
90	-0.14321741518886455
91	-0.14749955114745816
92	-0.15093919139562928
93	-0.15122453297234628
94	-0.14405893731587938
95	-0.15149485045903788
96	-0.15826587858734342
97	-0.14084280216846778
98	-0.15176516200366308
99	-0.1435630474771017
100	-0.14897165550745584
101	-0.14438951919014897
102	-0.14859613557760554
103	-0.1417746685263772
104	-0.14952740380851992
105	-0.14979775871109524
106	-0.15023331793691241
107	-0.14389364297439755
108	-0.14795021423894994
109	-0.1542427418022747
110	-0.1530115218404795
111	-0.14411904378629004
112	-0.15289139625583203
113	-0.15659973680574524
114	-0.1554438141678638
115	-0.14834077542042934
116	-0.1509692276632819
117	-0.14733430382865365
118	-0.1527412376314814
119	-0.1470638942766591
120	-0.15194536640137457
121	-0.14994795329790733
122	-0.1430370813504389
123	-0.14910683985374007
124	-0.15421271350378518
125	-0.14792017055221862
126	-0.15123955076646212
127	-0.15617941370503985
128	-0.14658315130913735
129	-0.14658315130913735
130	-0.15159997232109035
131	-0.15415265668856648
132	-0.1526211094166463
133	-0.15383735363256434
134	-0.14910683985374007
135	-0.14952740380851992
136	-0.14910683985374007
137	-0.15883621856956864
138	-0.141549223654291
139	-0.15033845060190032
140	-0.15379230968355628
141	-0.15412262817181954
142	-0.14072255604864736
143	-0.14572678065807665
144	-0.14781501706455913
145	-0.14976771957253376
146	-0.14764977403335067
147	-0.14856609348380445
148	-0.15376228029316863
149	-0.15446795172283956
150	-0.14933214377245108
151	-0.1510292999781555
152	-0.1532667848293876
153	-0.14547136013394635
154	-0.15208051796887645
155	-0.1484909879254488
156	-0.15021829891113825
157	-0.1596766724277039
158	-0.14936218398103307
159	-0.159616641870425
160	-0.14503563030746847
161	-0.1515248853684561
162	-0.1469737564211009
163	-0.15805574679639278
164	-0.15134467481144398
165	-0.1504736198460499
166	-0.14496050288600415
167	-0.14832575406809312
168	-0.15245593121129275
169	-0.14873132408390077
170	-0.1529664748831685
171	-0.1470638942766591
172	-0.1484909879254488
173	-0.1523508166559715
174	-0.14730425862016006
175	-0.14841588190435573
176	-0.15394245554301733
177	-0.13909911455840884
178	-0.1504886385589579
179	-0.15311663076868953
180	-0.1613574120876251
181	-0.14411904378629004
182	-0.15044358236504252
183	-0.14829571130786334
184	-0.14506568114511253
185	-0.1507739906098351
186	-0.14858111453995804
187	-0.1480253231313462
188	-0.15530869932316804
189	-0.15668980419967227
190	-0.14990289511538535
191	-0.14517085848778066
192	-0.15200543394781363
193	-0.14792017055221862
194	-0.15220065145066997
195	-0.14133880460331838
196	-0.14909181944473104
197	-0.14727421333736146
198	-0.15415265668856648
199	-0.1498277977759166
200	-0.1564496230382808
201	-0.1431122207790061
202	-0.14749955114745816
203	-0.15395747002884264
204	-0.14903173762392186
205	-0.1518702815562456
206	-0.15638957702564937
207	-0.14925704292790343
208	-0.15717015266586642
209	-0.14386358921380094
210	-0.1450506557356448
211	-0.15087911863986747
212	-0.1513897276983407
213	-0.1469887794435074
214	-0.15159997232109035
215	-0.142030167577051
216	-0.1535520725203554
217	-0.14915190096993314
218	-0.1449454773455905
219	-0.14933214377245108
220	-0.15638957702564937
221	-0.15272622166857985
222	-0.1484909879254488
223	-0.1564196000680873
224	-0.15286136467707578
225	-0.14991791452798608
226	-0.15075897224631873
227	-0.15524864780987357
228	-0.14246600631166118
229	-0.1477999950635649
230	-0.14509573190795066
231	-0.14652305709833868
232	-0.15457304828634832
233	-0.15708008873484047
234	-0.15415265668856648
235	-0.15029339385592166
236	-0.1463127250140026
237	-0.1527412376314814
238	-0.15057875045010505
239	-0.14936218398103307
240	-0.16044203697642345
241	-0.15520360898456076
242	-0.1451107572613175
243	-0.1450506557356448
244	-0.14584697668498592
245	-0.14727421333736146
246	-0.15311663076868953
247	-0.1538073243514333
248	-0.15955661102702834
249	-0.14234577652087665
250	-0.15116446161230002
251	-0.14960250299200695
252	-0.1488364696641149
253	-0.15018826080434522
254	-0.15772553257929545
255	-0.15277126950247677
256	-0.146462962589613
257	-0.15256104487062316
258	-0.15086410040499487
259	-0.15084908215174408
260	-0.1585810696748382
261	-0.14695873338009946
262	-0.15643461156221505
263	-0.15108937199917705
264	-0.1511043899585225
265	-0.1619576221257759
266	-0.153687206498482
267	-0.14517085848778066
268	-0.1526361255074562
269	-0.15400251337710458
270	-0.15376228029316863
271	-0.15503846522885212
272	-0.14467501441793473
273	-0.14984281728067117
274	-0.15081904559011505
275	-0.16074216726706325
276	-0.14595214722893246
277	-0.14659817481528847
278	-0.1470488713472129
279	-0.14916692130505282
280	-0.14611741338005402
281	-0.14465998852189088
282	-0.14994795329790733
283	-0.14939222411577546
284	-0.16033698968955434
285	-0.15443792396973066
286	-0.15120951515986647
287	-0.1449304517864647
288	-0.15520360898456076
289	-0.1535070275329815
290	-0.15349201250074174
291	-0.144209202929229
292	-0.15793566990606678
293	-0.14904675810684154
294	-0.14786008295625308
295	-0.14686859474352687
296	-0.13869321952603642
297	-0.14894161433833375
298	-0.1557891009942196
299	-0.1519904170886761
300	-0.14485532371016774
301	-0.1501131652151173
302	-0.15658472551024616
303	-0.1536121322483872
304	-0.1526361255074562
305	-0.15804073724800816
306	-0.14455480672520693
307	-0.1548733192782059
308	-0.15084908215174408
309	-0.15217061819003774
310	-0.15750038153088042
311	-0.14332260867715618
312	-0.14656812778436645
313	-0.16122236090950182
314	-0.14484029803876197
315	-0.14835579675424526
316	-0.1523057672864816
317	-0.1551435569636439
318	-0.1553537377678218
319	-0.1554438141678638
320	-0.14868626141496222
321	-0.14590707425060145
322	-0.14969262140346373
323	-0.14168449108771242
324	-0.15289139625583203
325	-0.14856609348380445
326	-0.1552786736027727
327	-0.15530869932316804
328	-0.1592564525164235
329	-0.14928708332111285
330	-0.15526366071538789
331	-0.14873132408390077
332	-0.1461775096029143
333	-0.1435630474771017
334	-0.154633103065823
335	-0.15032343170497953
336	-0.16206265596094127
337	-0.14894161433833375
338	-0.15521862194446
339	-0.15817582253664142
340	-0.15161498965661124
341	-0.15311663076868953
342	-0.15311663076868953
343	-0.15144979795736546
344	-0.15226071775234473
345	-0.14945230416376276
346	-0.15940653266643068
347	-0.14976771957253376
348	-0.14506568114511253
349	-0.14683854838254007
350	-0.1568849479912977
351	-0.15568401471318438
352	-0.16069714817801284
353	-0.1420902842078462
354	-0.15364216200308434
355	-0.15329681542262463
356	-0.14728923598804755
357	-0.154633103065823
358	-0.14548638502006028
359	-0.14465998852189088
360	-0.1501131652151173
361	-0.14834077542042934
362	-0.15304155305408784
363	-0.15589418638846908
364	-0.14758968510172465
365	-0.1547532117530075
366	-0.1572902368981488
367	-0.15406257092002207
368	-0.1515248853684561
369	-0.14996297265522784
370	-0.1561493900843658
371	-0.15161498965661124
372	-0.1563595539109528
373	-0.14772488478036294
374	-0.15147983297682188
375	-0.15379230968355628
376	-0.1518402474899716
377	-0.14838583936633043
378	-0.1564196000680873
379	-0.14801030138994165
380	-0.14695873338009946
381	-0.14940724415545859
382	-0.1519904170886761
383	-0.1523057672864816
384	-0.1573202577760746
385	-0.15723019492613943
386	-0.15415265668856648
387	-0.14880642816223144
388	-0.14293188536008117
389	-0.1460122442722387
390	-0.1525310124879411
391	-0.14964756228073384
392	-0.1494222641766818
393	-0.15259107718019393
394	-0.14864119857953995
395	-0.15933149281515568
396	-0.14817553952607554
397	-0.15002304990025195
398	-0.15421271350378518
399	-0.15404755656158997
400	-0.15589418638846908
401	-0.14467501441793473
402	-0.1403467791058688
403	-0.1491368806163429
404	-0.14659817481528847
405	-0.16216768892661548
406	-0.1526361255074562
407	-0.15332684594291024
408	-0.15090915505449232
409	-0.14441957163789
410	-0.1585660607549002
411	-0.15087911863986747
412	-0.1535070275329815
413	-0.1570500672803128
414	-0.14742443900836832
415	-0.15394245554301733
416	-0.15987176976352657
417	-0.14897165550745584
418	-0.1515849549672339
419	-0.15101428192699018
420	-0.15224570120437164
421	-0.15116446161230002
422	-0.15006810764057477
423	-0.15155492020451788
424	-0.14380348146734434
425	-0.1463277488553949
426	-0.14736434896284578
427	-0.1532517695054132
428	-0.1479802578515219
429	-0.1551435569636439
430	-0.15229075079339438
431	-0.15132965714578717
432	-0.15269618968796195
433	-0.15379230968355628
434	-0.15120951515986647
435	-0.15413764243928796
436	-0.15451299321621903
437	-0.15179519625315763
438	-0.15057875045010505
439	-0.15337189158655917
440	-0.14574180522675917
441	-0.14473511781487147
442	-0.1535520725203554
443	-0.14997799199412043
444	-0.14652305709833868
445	-0.15846099781293077
446	-0.14832575406809312
447	-0.14817553952607554
448	-0.15939152473196572
449	-0.16045704366033675
450	-0.15068388015298595
451	-0.14823562556515668
452	-0.15159997232109035
453	-0.15063882467636702
454	-0.15074395386441708
455	-0.14940724415545859
456	-0.15329681542262463
457	-0.15104431801095686
458	-0.14736434896284578
459	-0.14838583936633043
460	-0.14924202270359643
461	-0.15673483765299068
462	-0.14973768036022506
463	-0.14133880460331838
464	-0.15697501332850194
465	-0.14166946144847614
466	-0.1547081711315066
467	-0.15637456547733208
468	-0.14937720405763244
469	-0.14500557939500425
470	-0.15104431801095686
471	-0.15634454232650796
472	-0.1532517695054132
473	-0.14840086064459967
474	-0.14886651109204507
475	-0.1550084388556634
476	-0.1529514591942167
477	-0.1435630474771017
478	-0.15190031554924843
479	-0.14571175607072817
480	-0.15398749894588093
481	-0.15120951515986647
482	-0.15443792396973066
483	-0.14728923598804755
484	-0.15182523042935614
485	-0.15933149281515568
486	-0.14587702550510784
487	-0.15132965714578717
488	-0.14907679901724435
489	-0.14455480672520693
490	-0.15060878760001728
491	-0.15787563102948
492	-0.1548733192782059
493	-0.15392744103899147
494	-0.15724520544616638
495	-0.15141976286454195
496	-0.15087911863986747
497	-0.15196038331545836
498	-0.15042856359693957
499	-0.15286136467707578
500	-0.1494673241296205
501	-0.15445293785537473
502	-0.14936218398103307
503	-0.14730425862016006
504	-0.16107230235465408
505	-0.14707891718751753
506	-0.15403254218495732
507	-0.14383353537811772
508	-0.15245593121129275
509	-0.1459671715177322
510	-0.14924202270359643
511	-0.14931712364046845
512	-0.14880642816223144
513	-0.15820584129205528
514	-0.15036848834052563
515	-0.15164502427266058
516	-0.1574103199775898
517	-0.16222770737386938
518	-0.152125568161825
519	-0.14560658343658162
520	-0.1559692468415932
521	-0.15972169515793055
522	-0.15649465735811674
523	-0.1517351276808796
524	-0.15241088222588672
525	-0.1542427418022747
526	-0.15577408872265508
527	-0.14790514868104054
528	-0.14539623542316704
529	-0.14476516940100836
530	-0.14710896295346387
531	-0.1521556015322716
532	-0.15460307571241572
533	-0.15439288220376213
534	-0.14123359368781152
535	-0.14469004029525578
536	-0.15337189158655917
537	-0.15314666172679026
538	-0.15060878760001728
539	-0.15254602868842326
540	-0.15012818436979458
541	-0.14776995100593737
542	-0.14850600907413636
543	-0.15371723607099952
544	-0.15559394005198257
545	-0.16095225422919057
546	-0.14560658343658162
547	-0.14921198219958498
548	-0.14853605131598258
549	-0.1465080334990887
550	-0.15640458855590111
551	-0.15146481547626323
552	-0.15808576583926026
553	-0.14625262946210427
554	-0.15119449732903334
555	-0.15305656863350947
556	-0.1553537377678218
557	-0.15290641201781696
558	-0.1570500672803128
559	-0.14644793891587327
560	-0.15580411324768662
561	-0.14948234407702543
562	-0.1435780747423614
563	-0.1441641234421489
564	-0.14736434896284578
565	-0.1543328262613315
566	-0.1470488713472129
567	-0.1524409149011099
568	-0.14348791086894863
569	-0.14453978067933448
570	-0.14991791452798608
571	-0.1591213788507737
572	-0.15078900895497327
573	-0.15006810764057477
574	-0.1568699370386426
575	-0.14867124048831926
576	-0.14721412254882438
577	-0.14269143391810246
578	-0.14861115659675406
579	-0.14465998852189088
580	-0.15401752779013123
581	-0.15175014485143734
582	-0.14584697668498592
583	-0.15024833694427997
584	-0.15107435402146763
585	-0.15481326566083098
586	-0.15440789614392614
587	-0.1536721916849011
588	-0.14954242368211368
589	-0.15023331793691241
590	-0.14894161433833375
591	-0.14897165550745584
592	-0.15454302078761728
593	-0.1461775096029143
594	-0.14628267727531963
595	-0.15524864780987357
596	-0.14665826865375564
597	-0.15090915505449232
598	-0.14423925582685726
599	-0.15024833694427997
600	-0.14814549639537233
601	-0.1607121545588477
602	-0.14529106004331993
603	-0.15316167717846696
604	-0.14326249822524417
605	-0.14727421333736146
606	-0.1521405848561983
607	-0.1481905610636325
608	-0.14898667606429328
609	-0.1546631303465773
610	-0.15072893546413368
611	-0.15087911863986747
612	-0.15069889860841812
613	-0.15153990279565122
614	-0.15359711734371473
615	-0.15565398989853918
616	-0.15394245554301733
617	-0.1579656892364909
618	-0.1452760349143034
619	-0.14939222411577546
620	-0.1476647962198676
621	-0.14742443900836832
622	-0.15083406388011866
623	-0.14966258200675497
624	-0.1452760349143034
625	-0.15069889860841812
626	-0.15259107718019393
627	-0.15400251337710458
628	-0.14653808067896534
629	-0.15057875045010505
630	-0.1477849730440255
631	-0.15066886167916493
632	-0.15649465735811674
633	-0.1554137887736644
634	-0.14964756228073384
635	-0.14620755760250503
636	-0.1526361255074562
637	-0.14954242368211368
638	-0.1536121322483872
639	-0.1466883154613079
640	-0.16008187120973005
641	-0.14776995100593737
642	-0.14502060486059065
643	-0.15437786824541888
644	-0.1511194078995075
645	-0.15658472551024616
646	-0.15607433071631505
647	-0.15602929487851114
648	-0.15078900895497327
649	-0.14429936139712396
650	-0.14623760552754206
651	-0.15524864780987357
652	-0.14309719293092726
653	-0.15568401471318438
654	-0.14485532371016774
655	-0.15619442548825901
656	-0.1535520725203554
657	-0.14405893731587938
658	-0.1620176415666421
659	-0.14734932640503828
660	-0.14568170684003334
661	-0.15990178447020043
662	-0.14844592436832826
663	-0.14405893731587938
664	-0.1441941764522916
665	-0.16006686407966697
666	-0.13833241227521498
667	-0.1494673241296205
668	-0.15608934262608543
669	-0.14829571130786334
670	-0.1547081711315066
671	-0.14405893731587938
672	-0.14865621954317731
673	-0.13861805225470292
674	-0.14201513837216595
675	-0.14736434896284578
676	-0.1559392227146148
677	-0.14294691341516952
678	-0.14903173762392186
679	-0.14997799199412043
680	-0.14745448391970584
681	-0.1453361353182352
682	-0.15996181366916318
683	-0.1464028677828999
684	-0.14730425862016006
685	-0.14094801652884215
686	-0.15395747002884264
687	-0.1511344258221321
688	-0.15026335593323736
689	-0.1474695063475231
690	-0.15398749894588093
691	-0.14557653394449943
692	-0.14975269997559693
693	-0.15356708747969705
694	-0.1498277977759166
695	-0.1500981460420192
696	-0.1490016966026495
697	-0.14994795329790733
698	-0.15074395386441708
699	-0.15012818436979458
700	-0.15000803061662893
701	-0.14333763624312468
702	-0.15080402728173325
703	-0.14844592436832826
704	-0.14996297265522784
705	-0.1449905539107128
706	-0.15114944372639272
707	-0.1511194078995075
708	-0.15790565050373218
709	-0.15520360898456076
710	-0.1531917080270908
711	-0.13887361903294249
712	-0.15479825221110488
713	-0.15233580021777016
714	-0.14541126040268537
715	-0.15565398989853918
716	-0.16432817463904925
717	-0.14411904378629004
718	-0.14783003904700465
719	-0.15533872497106316
720	-0.14927206313373986
721	-0.15147983297682188
722	-0.14694371032049602
723	-0.14736434896284578
724	-0.1451107572613175
725	-0.15232078376126879
726	-0.1504586011147424
727	-0.1477849730440255
728	-0.15445293785537473
729	-0.14773990687410787
730	-0.15599927089622412
731	-0.15305656863350947
732	-0.14892659372604555
733	-0.1530865997375983
734	-0.15717015266586642
735	-0.16482323440510527
736	-0.14694371032049602
737	-0.15467814395971402
738	-0.14341277379099182
739	-0.15801071809731937
740	-0.1511344258221321
741	-0.15155492020451788
742	-0.15589418638846908
743	-0.15566900231491587
744	-0.1543328262613315
745	-0.14670333883717035
746	-0.15610435451777604
747	-0.15242589857264122
748	-0.14703384839917533
749	-0.14999301131458864
750	-0.14751457351957598
751	-0.14820558258266558
752	-0.15155492020451788
753	-0.14939222411577546
754	-0.15188529856190414
755	-0.14288680108187535
756	-0.14822060408317483
757	-0.15717015266586642
758	-0.1470188254325464
759	-0.1469887794435074
760	-0.15341693706610826
761	-0.14859613557760554
762	-0.14790514868104054
763	-0.14144401459205014
764	-0.15712512078145835
765	-0.15233580021777016
766	-0.1469887794435074
767	-0.14278160377377347
768	-0.15877618400174498
769	-0.14970764107415846
770	-0.15434784027420534
771	-0.14276657551157967
772	-0.15098424576954983
773	-0.14444962401066874
774	-0.15132965714578717
775	-0.15482827909239916
776	-0.15144979795736546
777	-0.16212267490492138
778	-0.15069889860841812
779	-0.14565165753466047
780	-0.14721412254882438
781	-0.1546631303465773
782	-0.1496175227733616
783	-0.14906177857128355
784	-0.1560443068425279
785	-0.14937720405763244
786	-0.14790514868104054
787	-0.1527562535761149
788	-0.15051867592958246
789	-0.15135969245875458
790	-0.1463878440346562
791	-0.15329681542262463
792	-0.15232078376126879
793	-0.15194536640137457
794	-0.14976771957253376
795	-0.14999301131458864
796	-0.15649465735811674
797	-0.1554438141678638
798	-0.15990178447020043
799	-0.14897165550745584
800	-0.14928708332111285
801	-0.15238084947750963
802	-0.1643731808646649
803	-0.1517351276808796
804	-0.159451556362459
805	-0.1521556015322716
806	-0.14688361789611903
807	-0.14740941652484452
808	-0.14970764107415846
809	-0.15762046259388995
810	-0.1476647962198676
811	-0.15074395386441708
812	-0.15140474529061265
813	-0.1533418611756936
814	-0.14943728417945223
815	-0.1435931019888379
816	-0.15290641201781696
817	-0.14834077542042934
818	-0.1502783749037846
819	-0.15098424576954983
820	-0.14595214722893246
821	-0.14605731685889367
822	-0.14476516940100836
823	-0.15611936639138335
824	-0.14825064702861823
825	-0.14626765337802894
826	-0.146462962589613
827	-0.15095420953863936
828	-0.15093919139562928
829	-0.14532111024528405
830	-0.16174755184580647
831	-0.1510292999781555
832	-0.158355933991551
833	-0.15446795172283956
834	-0.1532067234240344
835	-0.14993293392216245
836	-0.14731928123369187
837	-0.15341693706610826
838	-0.14805536655854823
839	-0.15488833263717794
840	-0.15569902709334826
841	-0.15820584129205528
842	-0.1479351924048551
843	-0.14952740380851992
844	-0.14524598460019433
845	-0.1439387234745304
846	-0.1450807065358859
847	-0.15868613161211442
848	-0.15539877604938113
849	-0.15715514205574976
850	-0.1422856611729486
851	-0.14655310424097223
852	-0.1511043899585225
853	-0.14912186024427854
854	-0.14787510488305955
855	-0.15257606103454435
856	-0.14903173762392186
857	-0.14497552840771277
858	-0.15161498965661124
859	-0.14952740380851992
860	-0.15479825221110488
861	-0.14861115659675406
862	-0.15547383948959848
863	-0.15520360898456076
864	-0.15398749894588093
865	-0.14598219578788374
866	-0.14758968510172465
867	-0.1535070275329815
868	-0.1529965062062999
869	-0.15012818436979458
870	-0.15580411324768662
871	-0.15569902709334826
872	-0.1535070275329815
873	-0.14867124048831926
874	-0.15828088786626893
875	-0.14739439402275067
876	-0.14874634493655492
877	-0.15242589857264122
878	-0.14954242368211368
879	-0.15759044243612408
880	-0.15702004575367567
881	-0.15518859600652846
882	-0.15403254218495732
883	-0.15332684594291024
884	-0.1484909879254488
885	-0.1543628542689035
886	-0.14679347870153947
887	-0.15400251337710458
888	-0.15613437824691445
889	-0.15631451910341454
890	-0.1543328262613315
891	-0.14544131030568153
892	-0.14922700246082599
893	-0.14757466282241793
894	-0.14915190096993314
895	-0.153747265570658
896	-0.15712512078145835
897	-0.15337189158655917
898	-0.1407075251984118
899	-0.1465080334990887
900	-0.15146481547626323
901	-0.14607234101714894
902	-0.1559392227146148
903	-0.15194536640137457
904	-0.1461775096029143
905	-0.15862609632700853
906	-0.15257606103454435
907	-0.1459671715177322
908	-0.1550684915294802
909	-0.15114944372639272
910	-0.14264634873597615
911	-0.14846094557254474
912	-0.15229075079339438
913	-0.14725919066809467
914	-0.1456216081546131
915	-0.1422255455232566
916	-0.14312724860827686
917	-0.15232078376126879
918	-0.1517351276808796
919	-0.1531917080270908
920	-0.15293644348700752
921	-0.1511043899585225
922	-0.15798069887474142
923	-0.14532111024528405
924	-0.14901671712252806
925	-0.1483107326972366
926	-0.15410761388616123
927	-0.14822060408317483
928	-0.15021829891113825
929	-0.14539623542316704
930	-0.15532371215617857
931	-0.14867124048831926
932	-0.1564196000680873
933	-0.14308216506402616
934	-0.14103819952779872
935	-0.15069889860841812
936	-0.15310161526226906
937	-0.144209202929229
938	-0.14707891718751753
939	-0.1476197296046564
940	-0.1479802578515219
941	-0.14462993667362412
942	-0.1475295958731344
943	-0.15598425887795386
944	-0.15116446161230002
945	-0.14841588190435573
946	-0.14910683985374007
947	-0.15196038331545836
948	-0.15478323874322442
949	-0.15101428192699018
950	-0.1483107326972366
951	-0.15245593121129275
952	-0.15457304828634832
953	-0.15634454232650796
954	-0.15196038331545836
955	-0.15505347838823624
956	-0.15155492020451788
957	-0.15059376903425914
958	-0.15305656863350947
959	-0.14462993667362412
960	-0.152125568161825
961	-0.152125568161825
962	-0.14465998852189088
963	-0.1526060933075577
964	-0.15317669261190048
965	-0.1460122442722387
966	-0.15583413770032806
967	-0.1469887794435074
968	-0.14595214722893246
969	-0.1449304517864647
970	-0.15652468014771515
971	-0.15497841240990695
972	-0.15002304990025195
973	-0.1564196000680873
974	-0.1529814905538629
975	-0.13896381775741418
976	-0.15404755656158997
977	-0.1554137887736644
978	-0.15413764243928796
979	-0.15691496984249653
980	-0.1449154262086303
981	-0.14246600631166118
982	-0.14763475182828145
983	-0.1557891009942196
984	-0.15125456854222818
985	-0.15659973680574524
986	-0.15272622166857985
987	-0.14578687882082875
988	-0.15885122716670352
989	-0.141549223654291
990	-0.15377729499747161
991	-0.1511194078995075
992	-0.1560443068425279
993	-0.15135969245875458
994	-0.15166004155318547
995	-0.16041202355507878
996	-0.14291685728617054
997	-0.14993293392216245
998	-0.15000803061662893
999	-0.14967760171433042
1000	-0.14456983275235302
