name	value
1	-0.11282190323764141
2	-0.10837611042333606
3	-0.10368722996125612
4	-0.10246567694441211
5	-0.10392850802454845
6	-0.11280683578524986
7	-0.11149588870680205
8	-0.10106298208922482
9	-0.11286710547159018
10	-0.10959699891671448
11	-0.10492372311482256
12	-0.11053141426612711
13	-0.10804448753937379
14	-0.11259588929469189
15	-0.10091214377234081
16	-0.1121739842268461
17	-0.11452439327602804
18	-0.10165123126260411
19	-0.11392177184333363
20	-0.10783344955077823
21	-0.10061046077075275
22	-0.11148081944362076
23	-0.11241507481111057
24	-0.11371084660492059
25	-0.10784852382815302
26	-0.10305384938073558
27	-0.10469754590552327
28	-0.10689880364786575
29	-0.10712493500853171
30	-0.10599423119894524
31	-0.10714001026561348
32	-0.10988336046374769
33	-0.10278238917034344
34	-0.1018774723637037
35	-0.11007928774109388
36	-0.10893381712738659
37	-0.10929555762695387
38	-0.11562409312038469
39	-0.11303284541498115
40	-0.10388326879825627
41	-0.11179726964248715
42	-0.1058434618034454
43	-0.11298764385860594
44	-0.09985621608051787
45	-0.10899410804079324
46	-0.10760733289064817
47	-0.10573792198075438
48	-0.10157581650335246
49	-0.11313831499479576
50	-0.10849669806722062
51	-0.11449426298161214
52	-0.10346102687974934
53	-0.11226439381302811
54	-0.10355150868124952
55	-0.10929555762695387
56	-0.11646762485688456
57	-0.10142498539586242
58	-0.10876801540250014
59	-0.10988336046374769
60	-0.10970250140938731
61	-0.10596407748731806
62	-0.10949149540858016
63	-0.10444120602140217
64	-0.10392850802454845
65	-0.10768270563149684
66	-0.10745658584599482
67	-0.10439596894078562
68	-0.10605453837103695
69	-0.10567761304986689
70	-0.10977785971117626
71	-0.11080268125018833
72	-0.11042591974175053
73	-0.10276730784699595
74	-0.09837774203460725
75	-0.10576807632052265
76	-0.09570691623547134
77	-0.1115561655533881
78	-0.10659728785893918
79	-0.10649175535849409
80	-0.10943120723361233
81	-0.10282763301370679
82	-0.11229453017718427
83	-0.1106821189726439
84	-0.11285203808081334
85	-0.111299986677178
86	-0.10919005121586878
87	-0.10852684477030294
88	-0.1009272276995219
89	-0.10534590793711018
90	-0.10858713792705998
91	-0.1068385011584212
92	-0.11122463881464384
93	-0.11402723295742945
94	-0.10409438356700207
95	-0.10869265015131546
96	-0.11949477725406865
97	-0.09421277077238699
98	-0.108285668817107
99	-0.1051951295315412
100	-0.1051951295315412
101	-0.10451660073537639
102	-0.10818015266347558
103	-0.10055012315111256
104	-0.10097247935372167
105	-0.11340951786933573
106	-0.10721538623809224
107	-0.1080897094346902
108	-0.1043507316709622
109	-0.10934077434914613
110	-0.10953671132214282
111	-0.10774300344916554
112	-0.11595548820134027
113	-0.10671789517713037
114	-0.112189052542643
115	-0.10900918071724774
116	-0.10876801540250014
117	-0.10131940235964976
118	-0.10364198972418848
119	-0.10510466148137709
120	-0.10741136132612894
121	-0.10932570212915138
122	-0.10496895798979722
123	-0.11249041453901754
124	-0.10833088971380533
125	-0.10282763301370679
126	-0.11482569172424206
127	-0.10312925378127602
128	-0.1107424002766777
129	-0.1126260247541957
130	-0.11461478366870281
131	-0.10525544114543806
132	-0.10830074247013854
133	-0.10659728785893918
134	-0.10364198972418848
135	-0.10992857476136919
136	-0.109476423395936
137	-0.1119479570202806
138	-0.09724611820503881
139	-0.10151548431462487
140	-0.11417788995201406
141	-0.10219420190455608
142	-0.1111643601532748
143	-0.10802941353264117
144	-0.10846655128098348
145	-0.1041848600624995
146	-0.11354511681493307
147	-0.10484833123667414
148	-0.10505942717304961
149	-0.10682342548385648
150	-0.10501419267586698
151	-0.10528559682654759
152	-0.10890367154611624
153	-0.11346978427239307
154	-0.10407930407744814
155	-0.10484833123667414
156	-0.10903932600788835
157	-0.10917497878844884
158	-0.10290303899705933
159	-0.10413962190941817
160	-0.1022092840309341
161	-0.10419993940478633
162	-0.10543637397393724
163	-0.10573792198075438
164	-0.11163151114787695
165	-0.11459971865435392
166	-0.10818015266347558
167	-0.10845147785668985
168	-0.10622038136796519
169	-0.1028728766670497
170	-0.11300271106458837
171	-0.10912976138169128
172	-0.10818015266347558
173	-0.1126410924531207
174	-0.11572953807919717
175	-0.10493880142747258
176	-0.11267122778932404
177	-0.10735106167441444
178	-0.11273149821517237
179	-0.10879816135756926
180	-0.10958192704915959
181	-0.1063108401175974
182	-0.11402723295742945
183	-0.10897903534358377
184	-0.10855699139024466
185	-0.11562409312038469
186	-0.1007160507874012
187	-0.10110823317056372
188	-0.1100642165362693
189	-0.11494620881566675
190	-0.1093709187269134
191	-0.10382294953512883
192	-0.10416978069917349
193	-0.10487848805091815
194	-0.10276730784699595
195	-0.1128972401915469
196	-0.10887352588179056
197	-0.0972762964035887
198	-0.1095517832518702
199	-0.109310629888423
200	-0.10388326879825627
201	-0.10246567694441211
202	-0.10579823057651438
203	-0.10423009802626382
204	-0.10742643618693037
205	-0.10373247000875452
206	-0.10460707369863798
207	-0.10959699891671448
208	-0.11050127307681379
209	-0.10628068728471263
210	-0.11021492765331331
211	-0.10625053436816856
212	-0.10692895476731579
213	-0.10802941353264117
214	-0.10299352548051388
215	-0.09925278202221577
216	-0.10811985726085283
217	-0.101153484060994
218	-0.10653698369836917
219	-0.10239026789817984
220	-0.10542129635354414
221	-0.11041084901271603
222	-0.11255068595130524
223	-0.10849669806722062
224	-0.10685357681210306
225	-0.1079088207294312
226	-0.1060394616094058
227	-0.10340070525722567
228	-0.10441104798867684
229	-0.10296336340378431
230	-0.09895105220521927
231	-0.10321973836578024
232	-0.11154109637266174
233	-0.11039577826300473
234	-0.10641637437399254
235	-0.10196796747042569
236	-0.10338562479890001
237	-0.1058434618034454
238	-0.10685357681210306
239	-0.09538999394508352
240	-0.11196302564480831
241	-0.10364198972418848
242	-0.10276730784699595
243	-0.10451660073537639
244	-0.10707970911207099
245	-0.10335546381900329
246	-0.10122890178754318
247	-0.10929555762695387
248	-0.10368722996125612
249	-0.11337938454478191
250	-0.11377111136840057
251	-0.098739836255710145
252	-0.10189255493440541
253	-0.1112095691802466
254	-0.11250548242292524
255	-0.10622038136796519
256	-0.10314433459809536
257	-0.11203836845864501
258	-0.10781837525257743
259	-0.10011266523993356
260	-0.10655205976985727
261	-0.10726061157124889
262	-0.10816507884403137
263	-0.10741136132612894
264	-0.10834596330444413
265	-0.10647667920340353
266	-0.10045961608430076
267	-0.11405736452007531
268	-0.1100642165362693
269	-0.11016971453546631
270	-0.10816507884403137
271	-0.0993131269620875
272	-0.10575299916111192
273	-0.10407930407744814
274	-0.11276163330482802
275	-0.10884338013440242
276	-0.10991350334953154
277	-0.10736613661861938
278	-0.10688372805682533
279	-0.11007928774109388
280	-0.09953941744960915
281	-0.10131940235964976
282	-0.10726061157124889
283	-0.11160137297190786
284	-0.1095065674004978
285	-0.10324989972521692
286	-0.10039927761479461
287	-0.09994672825070339
288	-0.10783344955077823
289	-0.11108901136229576
290	-0.10505942717304961
291	-0.10697418128991032
292	-0.1065219076059769
293	-0.1053308301909226
294	-0.11678393281324517
295	-0.10943120723361233
296	-0.1057228447794536
297	-0.10421501872604466
298	-0.110621837338023
299	-0.10169647986398189
300	-0.10674804679776884
301	-0.10962714258965534
302	-0.10671789517713037
303	-0.1045015218346137
304	-0.10872279631411175
305	-0.1021791197570252
306	-0.10276730784699595
307	-0.10599423119894524
308	-0.11276163330482802
309	-0.10750181017823834
310	-0.10997378887264375
311	-0.11044099045011535
312	-0.10317449616844598
313	-0.1121739842268461
314	-0.10528559682654759
315	-0.10635606921008289
316	-0.1048332527980591
317	-0.10207354413205039
318	-0.11265616013149682
319	-0.10254108546229901
320	-0.10965728617970782
321	-0.10177189377606055
322	-0.1122191891125155
323	-0.10804448753937379
324	-0.10827059514327786
325	-0.09572200753628124
326	-0.11476543268838313
327	-0.10781837525257743
328	-0.11368071410025138
329	-0.0961898271906314
330	-0.10729076168906104
331	-0.1099587175229253
332	-0.09775913592567065
333	-0.10811985726085283
334	-0.10804448753937379
335	-0.10011266523993356
336	-0.11077254080474574
337	-0.11306297968326007
338	-0.10994364615249808
339	-0.10665759168517397
340	-0.11271643063952652
341	-0.11113422069879064
342	-0.11663331109452102
343	-0.10692895476731579
344	-0.1080897094346902
345	-0.10136465235949288
346	-0.1070646337715182
347	-0.0989359654904014
348	-0.10872279631411175
349	-0.11099859213205931
350	-0.11012450123140027
351	-0.10555699418248565
352	-0.1066425157599582
353	-0.10531575242377045
354	-0.10843640441160218
355	-0.10432057338595513
356	-0.10596407748731806
357	-0.10735106167441444
358	-0.108285668817107
359	-0.10416978069917349
360	-0.10451660073537639
361	-0.10772792902599448
362	-0.10593392369196053
363	-0.10373247000875452
364	-0.1061751517107723
365	-0.10961207076354285
366	-0.10232994028071474
367	-0.10882830722956172
368	-0.1043507316709622
369	-0.10602438482684917
370	-0.11832015847439337
371	-0.1086625039054212
372	-0.10760733289064817
373	-0.10698925675569271
374	-0.10490864478118311
375	-0.10676312257675846
376	-0.0989359654904014
377	-0.10196796747042569
378	-0.10821030023995704
379	-0.1126410924531207
380	-0.10766763112499333
381	-0.10703448302779961
382	-0.10836103687428889
383	-0.1022696123249851
384	-0.11000393150998633
385	-0.11348485082189796
386	-0.11190275102316605
387	-0.10165123126260411
388	-0.11096845222350993
389	-0.10350626787532846
390	-0.10228469434563081
391	-0.108285668817107
392	-0.11107394154219108
393	-0.11374097902763225
394	-0.10739628644447663
395	-0.10548160670933981
396	-0.1124301427978125
397	-0.11710023181211326
398	-0.10751688491396649
399	-0.11556383840990847
400	-0.10416978069917349
401	-0.1000070692719035
402	-0.11111915094059555
403	-0.10484833123667414
404	-0.10525544114543806
405	-0.11149588870680205
406	-0.10712493500853171
407	-0.1115561655533881
408	-0.10391342830350325
409	-0.10864743075130434
410	-0.10543637397393724
411	-0.10801433950510031
412	-0.10236010413172636
413	-0.10367214990329643
414	-0.11303284541498115
415	-0.10643145061270687
416	-0.10879816135756926
417	-0.11532281630638508
418	-0.10401898590882652
419	-0.10870772324309996
420	-0.10593392369196053
421	-0.11464491363610207
422	-0.1106821189726439
423	-0.10427533580074311
424	-0.11111915094059555
425	-0.10992857476136919
426	-0.10542129635354414
427	-0.11096845222350993
428	-0.109476423395936
429	-0.11042591974175053
430	-0.11244521076395131
431	-0.10801433950510031
432	-0.10906947121550203
433	-0.11012450123140027
434	-0.11083282161301256
435	-0.10397374706139928
436	-0.10833088971380533
437	-0.10912976138169128
438	-0.1065219076059769
439	-0.11392177184333363
440	-0.1158952352834568
441	-0.10326498037330367
442	-0.10338562479890001
443	-0.1064012981143776
444	-0.10744151102688804
445	-0.11331911764958491
446	-0.11298764385860594
447	-0.11072732998165691
448	-0.10729076168906104
449	-0.10184730715880264
450	-0.11122463881464384
451	-0.10739628644447663
452	-0.09860405236446113
453	-0.10724553648105584
454	-0.10232994028071474
455	-0.10453167961511767
456	-0.10876801540250014
457	-0.110621837338023
458	-0.1095216393716818
459	-0.10689880364786575
460	-0.11560902947333673
461	-0.10370230999815178
462	-0.09928295453478597
463	-0.11446413260543054
464	-0.1059791543535944
465	-0.10726061157124889
466	-0.11233973456914725
467	-0.10765255659766382
468	-0.10223944822025288
469	-0.10232994028071474
470	-0.10741136132612894
471	-0.11036563670154109
472	-0.10887352588179056
473	-0.1099587175229253
474	-0.0927184135110366
475	-0.10545145157336577
476	-0.10349118756454345
477	-0.11087803200235413
478	-0.10658221185014227
479	-0.10667266758949978
480	-0.11175206302753793
481	-0.10471262453314978
482	-0.10852684477030294
483	-0.10766763112499333
484	-0.10833088971380533
485	-0.10707970911207099
486	-0.10763748204949408
487	-0.10317449616844598
488	-0.11182740728279938
489	-0.10667266758949978
490	-0.10845147785668985
491	-0.11368071410025138
492	-0.10671789517713037
493	-0.10802941353264117
494	-0.11527762408081443
495	-0.10965728617970782
496	-0.11179726964248715
497	-0.10346102687974934
498	-0.11327391726283054
499	-0.10605453837103695
500	-0.10083672381808739
501	-0.10232994028071474
502	-0.10579823057651438
503	-0.1105163436818053
504	-0.10284271425259917
505	-0.10923526837365571
506	-0.10819522646211865
507	-0.1128972401915469
508	-0.09984113064433586
509	-0.10754703432289148
510	-0.09993164294220591
511	-0.10195288500554511
512	-0.10861728438074181
513	-0.10064062945312813
514	-0.10014283532508017
515	-0.1169797380111035
516	-0.1091599063402775
517	-0.10086689186346831
518	-0.10733598670935862
519	-0.10231485832349918
520	-0.11015464345480197
521	-0.10854191809066904
522	-0.11652787468239723
523	-0.11027521152081476
524	-0.10765255659766382
525	-0.10251092211854029
526	-0.10474278172538476
527	-0.10777315223301187
528	-0.10466738858725932
529	-0.10735106167441444
530	-0.11346978427239307
531	-0.10805956152529106
532	-0.10811985726085283
533	-0.10956685516087816
534	-0.09845317934531295
535	-0.11200823139486715
536	-0.10377770986670143
537	-0.10819522646211865
538	-0.11230959832840881
539	-0.10626561083689623
540	-0.10480309585783232
541	-0.10403406548254779
542	-0.10521020746648091
543	-0.10949149540858016
544	-0.10926541304178983
545	-0.10736613661861938
546	-0.09999198404851839
547	-0.11142054218472808
548	-0.10528559682654759
549	-0.10861728438074181
550	-0.10786359808470536
551	-0.1163471242299643
552	-0.10294828233376307
553	-0.106371145532421
554	-0.11145068085540899
555	-0.11435867564473767
556	-0.11041084901271603
557	-0.10772792902599448
558	-0.1002785996555815
559	-0.10504434902830795
560	-0.10863235757641476
561	-0.1056625357647718
562	-0.10840625745905186
563	-0.10189255493440541
564	-0.10264665649993887
565	-0.10448644291284026
566	-0.11556383840990847
567	-0.10246567694441211
568	-0.11325885042622374
569	-0.1035364284336815
570	-0.10367214990329643
571	-0.10667266758949978
572	-0.11059169639672817
573	-0.10344594650573313
574	-0.10248075869025186
575	-0.10680834978840892
576	-0.10860221116428903
577	-0.1058434618034454
578	-0.10724553648105584
579	-0.10860221116428903
580	-0.1055268392561004
581	-0.10570776755720601
582	-0.1106821189726439
583	-0.10518005157562982
584	-0.10578315345899014
585	-0.10756210899608831
586	-0.11313831499479576
587	-0.10623545787852606
588	-0.1119479570202806
589	-0.10751688491396649
590	-0.10695910580325574
591	-0.10395866740350002
592	-0.10634099286682996
593	-0.11856111593403895
594	-0.10525544114543806
595	-0.1099587175229253
596	-0.10409438356700207
597	-0.10662743981384537
598	-0.10462215245230766
599	-0.11036563670154109
600	-0.1061902282840883
601	-0.11560902947333673
602	-0.10839118395159275
603	-0.10659728785893918
604	-0.10754703432289148
605	-0.10560222641489858
606	-0.10545145157336577
607	-0.10864743075130434
608	-0.10685357681210306
609	-0.10076130333314381
610	-0.10674804679776884
611	-0.10489356642654712
612	-0.10361182946081371
613	-0.10248075869025186
614	-0.10460707369863798
615	-0.109280485344744
616	-0.10382294953512883
617	-0.11145068085540899
618	-0.10833088971380533
619	-0.10822537399699073
620	-0.10205846181529665
621	-0.10934077434914613
622	-0.10726061157124889
623	-0.10377770986670143
624	-0.112189052542643
625	-0.10980800288689352
626	-0.10941613513803716
627	-0.10335546381900329
628	-0.10612992186529979
629	-0.10831581610237251
630	-0.09943381581874533
631	-0.10973264479224909
632	-0.1061902282840883
633	-0.09747245260478721
634	-0.10083672381808739
635	-0.10606961511173907
636	-0.11586510870234079
637	-0.10457691612826991
638	-0.11362044884504385
639	-0.09958467497185808
640	-0.10561730378379508
641	-0.11288217284183943
642	-0.10534590793711018
643	-0.10499911446816412
644	-0.10588869284191915
645	-0.10837611042333606
646	-0.10364198972418848
647	-0.11256575375298894
648	-0.10303876843732951
649	-0.109476423395936
650	-0.10273714513694543
651	-0.10707970911207099
652	-0.10819522646211865
653	-0.10869265015131546
654	-0.11271643063952652
655	-0.10662743981384537
656	-0.10377770986670143
657	-0.10845147785668985
658	-0.10819522646211865
659	-0.10810478335817919
660	-0.1060394616094058
661	-0.1043507316709622
662	-0.10600930802335995
663	-0.10489356642654712
664	-0.10355150868124952
665	-0.10769778011716014
666	-0.10819522646211865
667	-0.10118365121523709
668	-0.10736613661861938
669	-0.10302368747282387
670	-0.10331022219103403
671	-0.10144006860197052
672	-0.10760733289064817
673	-0.09712540455337049
674	-0.10300860648722221
675	-0.10070096656301786
676	-0.1126410924531207
677	-0.10261649345195423
678	-0.10371739001398339
679	-0.11033549505735962
680	-0.11077254080474574
681	-0.10864743075130434
682	-0.10836103687428889
683	-0.10569269031400808
684	-0.10510466148137709
685	-0.10977785971117626
686	-0.11140547281846125
687	-0.10837611042333606
688	-0.11544332801057777
689	-0.10881323430394829
690	-0.10487848805091815
691	-0.10444120602140217
692	-0.09991655761243123
693	-0.11105887170144513
694	-0.11375604520825888
695	-0.10045961608430076
696	-0.11007928774109388
697	-0.09892087875423883
698	-0.10219420190455608
699	-0.1126260247541957
700	-0.10600930802335995
701	-0.11001900279760335
702	-0.10968742968687906
703	-0.11063690777767121
704	-0.110576625895078
705	-0.10852684477030294
706	-0.09919243674124445
707	-0.10165123126260411
708	-0.10843640441160218
709	-0.11410256171053845
710	-0.10448644291284026
711	-0.10769778011716014
712	-0.11175206302753793
713	-0.11206850544008518
714	-0.10917497878844884
715	-0.11279176831231297
716	-0.10055012315111256
717	-0.10908454378817467
718	-0.1067329709978928
719	-0.099826045186866
720	-0.10680834978840892
721	-0.11574460156324307
722	-0.1056625357647718
723	-0.11246027870953412
724	-0.11340951786933573
725	-0.11301777825004677
726	-0.09744227496336322
727	-0.10759225827996843
728	-0.109476423395936
729	-0.10616007511653791
730	-0.10551176176147337
731	-0.10388326879825627
732	-0.0965067255408556
733	-0.107381211541977
734	-0.11163151114787695
735	-0.10849669806722062
736	-0.11157123471350516
737	-0.11099859213205931
738	-0.09967518944128528
739	-0.10356658890774639
740	-0.1146750435217605
741	-0.11093831223238126
742	-0.10810478335817919
743	-0.10775807785150349
744	-0.11035056588978875
745	-0.101153484060994
746	-0.11114929043635158
747	-0.10163614835311918
748	-0.10082163976355929
749	-0.11173699411468974
750	-0.10145515178688314
751	-0.10912976138169128
752	-0.10647667920340353
753	-0.11029028243597594
754	-0.1043507316709622
755	-0.1086625039054212
756	-0.10655205976985727
757	-0.10676312257675846
758	-0.10349118756454345
759	-0.10370230999815178
760	-0.10840625745905186
761	-0.09676325536300823
762	-0.11042591974175053
763	-0.11337938454478191
764	-0.11092324220584615
765	-0.10412454248298175
766	-0.10679327407207495
767	-0.10569269031400808
768	-0.10282763301370679
769	-0.11092324220584615
770	-0.10466738858725932
771	-0.10616007511653791
772	-0.10579823057651438
773	-0.10840625745905186
774	-0.10234502221679165
775	-0.10386818901405093
776	-0.1055268392561004
777	-0.11425321768196284
778	-0.10257124872154222
779	-0.1098682889897944
780	-0.10263157498650699
781	-0.10976278809224738
782	-0.11523243167166086
783	-0.10294828233376307
784	-0.10777315223301187
785	-0.10367214990329643
786	-0.11682911893274195
787	-0.11166164924141597
788	-0.10988336046374769
789	-0.108285668817107
790	-0.11190275102316605
791	-0.1126260247541957
792	-0.11146575015982307
793	-0.10780330093354706
794	-0.11035056588978875
795	-0.10489356642654712
796	-0.10857206466904401
797	-0.1113602645959304
798	-0.10793896905513733
799	-0.10662743981384537
800	-0.10712493500853171
801	-0.10873786936434726
802	-0.10629576371161065
803	-0.10843640441160218
804	-0.10504434902830795
805	-0.11719060131051151
806	-0.09843809192590669
807	-0.10760733289064817
808	-0.12285230713249717
809	-0.10121381828464848
810	-0.10156073348794692
811	-0.11291230752071968
812	-0.10676312257675846
813	-0.10824044773321972
814	-0.11265616013149682
815	-0.10905439862207089
816	-0.11154109637266174
817	-0.11140547281846125
818	-0.1051197395421859
819	-0.10736613661861938
820	-0.10971757311117258
821	-0.11166164924141597
822	-0.10775807785150349
823	-0.11321364979331605
824	-0.10686865244490562
825	-0.11066704859498344
826	-0.10249584041496362
827	-0.10005232481440984
828	-0.10905439862207089
829	-0.11032042420424659
830	-0.11024506962843716
831	-0.10940106302172836
832	-0.11703998507398694
833	-0.11113422069879064
834	-0.11045606113779627
835	-0.10778822659369425
836	-0.10867757703875469
837	-0.10486340965429264
838	-0.11597055137990964
839	-0.10510466148137709
840	-0.10697418128991032
841	-0.09831739180140175
842	-0.10622038136796519
843	-0.10356658890774639
844	-0.10183222452459262
845	-0.09914717755663105
846	-0.10973264479224909
847	-0.10570776755720601
848	-0.11089310209083436
849	-0.09892087875423883
850	-0.11280683578524986
851	-0.10679327407207495
852	-0.10311417294336067
853	-0.10750181017823834
854	-0.10382294953512883
855	-0.1060997685303704
856	-0.10998886020166765
857	-0.10784852382815302
858	-0.11292737482935777
859	-0.11298764385860594
860	-0.10698925675569271
861	-0.10992857476136919
862	-0.10661236384684258
863	-0.10097247935372167
864	-0.11658812418269093
865	-0.10317449616844598
866	-0.1113602645959304
867	-0.11184247607205933
868	-0.10802941353264117
869	-0.10596407748731806
870	-0.10252600380098542
871	-0.10347610723268019
872	-0.10201321473807923
873	-0.10558714902504818
874	-0.10712493500853171
875	-0.11196302564480831
876	-0.10347610723268019
877	-0.10616007511653791
878	-0.11119449952522231
879	-0.1043507316709622
880	-0.11700986158314208
881	-0.11199316283209981
882	-0.10340070525722567
883	-0.10329514160621045
884	-0.10967235794365138
885	-0.10925034071809137
886	-0.10798419138756543
887	-0.11521736749447697
888	-0.10190763748394005
889	-0.10659728785893918
890	-0.10385310920879931
891	-0.1091599063402775
892	-0.10958192704915959
893	-0.10412454248298175
894	-0.11110408116176274
895	-0.10935584654839658
896	-0.11065197819665684
897	-0.10147023495060381
898	-0.10906947121550203
899	-0.10885845301848107
900	-0.10260141189627703
901	-0.10629576371161065
902	-0.11508178898164445
903	-0.10281255175369708
904	-0.11470517332568875
905	-0.10159089949756961
906	-0.10712493500853171
907	-0.10409438356700207
908	-0.10968742968687906
909	-0.10707970911207099
910	-0.10426025656361304
911	-0.0981514268966528
912	-0.10554191672977353
913	-0.11202329993704652
914	-0.1059791543535944
915	-0.1061902282840883
916	-0.10792389490269372
917	-0.09778931266773583
918	-0.10810478335817919
919	-0.1065671358204483
920	-0.11252055028627339
921	-0.10278238917034344
922	-0.10919005121586878
923	-0.10641637437399254
924	-0.11007928774109388
925	-0.11449426298161214
926	-0.1028879578426114
927	-0.1015305673935849
928	-0.10644652683050637
929	-0.10831581610237251
930	-0.10834596330444413
931	-0.11422308665135716
932	-0.0995545033116656
933	-0.11642243727428792
934	-0.10662743981384537
935	-0.10721538623809224
936	-0.11042591974175053
937	-0.10524036327343111
938	-0.1165429370879636
939	-0.10243551338932733
940	-0.11077254080474574
941	-0.09863422671198663
942	-0.10786359808470536
943	-0.11119449952522231
944	-0.11223425736659465
945	-0.10848162468449729
946	-0.10367214990329643
947	-0.10973264479224909
948	-0.1051951295315412
949	-0.10505942717304961
950	-0.10181714186921909
951	-0.1126260247541957
952	-0.1057228447794536
953	-0.11342458450085857
954	-0.10727568664058396
955	-0.10359674929752671
956	-0.11362044884504385
957	-0.10569269031400808
958	-0.10554191672977353
959	-0.11179726964248715
960	-0.11158630385300938
961	-0.10341578569447663
962	-0.10426025656361304
963	-0.11065197819665684
964	-0.10070096656301786
965	-0.10318957692198083
966	-0.11438880630717563
967	-0.10694403029572186
968	-0.10331022219103403
969	-0.1053308301909226
970	-0.10793896905513733
971	-0.11395190369258401
972	-0.11509685334247166
973	-0.11063690777767121
974	-0.12059398885643091
975	-0.10321973836578024
976	-0.10911468887127285
977	-0.11012450123140027
978	-0.10744151102688804
979	-0.10386818901405093
980	-0.10932570212915138
981	-0.10754703432289148
982	-0.10403406548254779
983	-0.10394358772455092
984	-0.11223425736659465
985	-0.1113150561878058
986	-0.10646160302740881
987	-0.10819522646211865
988	-0.11032042420424659
989	-0.1095216393716818
990	-0.10240534974969862
991	-0.1151872390788995
992	-0.10347610723268019
993	-0.11288217284183943
994	-0.12151242600274514
995	-0.10445628500623272
996	-0.11107394154219108
997	-0.11039577826300473
998	-0.10062554512256128
999	-0.10888859872433443
1000	-0.10667266758949978
